LowBarHighGoalPath
610
0.000 0.040 3.951 395.062 0.000 0.010 0.000 12.188
0.001 0.079 3.951 0.000 0.000 0.010 0.001 12.188
0.003 0.178 9.877 592.593 0.000 0.010 0.003 12.188
0.006 0.316 13.827 395.062 0.000 0.010 0.006 12.188
0.011 0.494 17.778 395.062 0.000 0.010 0.011 12.188
0.018 0.711 21.728 395.062 0.000 0.010 0.018 12.188
0.028 0.968 25.679 395.062 0.000 0.010 0.028 12.188
0.040 1.264 29.630 395.062 0.000 0.010 0.040 12.188
0.056 1.600 33.580 395.062 0.000 0.010 0.056 12.188
0.076 1.975 37.531 395.062 0.000 0.010 0.076 12.188
0.100 2.390 41.481 395.062 0.000 0.010 0.100 12.188
0.128 2.844 45.432 395.062 0.000 0.010 0.128 12.188
0.162 3.338 49.383 395.062 0.000 0.010 0.162 12.188
0.200 3.872 53.333 395.062 0.000 0.010 0.200 12.188
0.245 4.444 57.284 395.062 0.000 0.010 0.245 12.188
0.296 5.057 61.235 395.062 0.000 0.010 0.296 12.188
0.353 5.709 65.185 395.062 0.000 0.010 0.353 12.188
0.417 6.400 69.136 395.062 0.000 0.010 0.417 12.188
0.488 7.131 73.086 395.062 0.000 0.010 0.488 12.188
0.567 7.901 77.037 395.062 0.000 0.010 0.567 12.188
0.654 8.711 80.988 395.062 0.000 0.010 0.654 12.188
0.750 9.560 84.938 395.062 0.000 0.010 0.750 12.188
0.854 10.449 88.889 395.062 0.000 0.010 0.854 12.188
0.968 11.378 92.840 395.062 0.000 0.010 0.968 12.188
1.091 12.346 96.790 395.062 0.000 0.010 1.091 12.188
1.225 13.353 100.741 395.062 0.000 0.010 1.225 12.188
1.369 14.400 104.691 395.062 0.000 0.010 1.369 12.188
1.524 15.467 106.667 197.531 0.000 0.010 1.524 12.188
1.689 16.533 106.667 0.000 0.000 0.010 1.689 12.188
1.865 17.600 106.667 -0.000 0.000 0.010 1.865 12.188
2.052 18.667 106.667 0.000 0.000 0.010 2.052 12.188
2.249 19.733 106.667 0.000 0.000 0.010 2.249 12.188
2.457 20.800 106.667 -0.000 0.000 0.010 2.457 12.188
2.676 21.867 106.667 0.000 0.000 0.010 2.676 12.188
2.905 22.933 106.667 0.000 0.000 0.010 2.905 12.188
3.145 24.000 106.667 -0.000 0.000 0.010 3.145 12.188
3.396 25.067 106.667 0.000 0.000 0.010 3.396 12.188
3.657 26.133 106.667 -0.000 0.000 0.010 3.657 12.188
3.929 27.200 106.667 0.000 0.000 0.010 3.929 12.188
4.212 28.267 106.667 -0.000 0.000 0.010 4.212 12.188
4.505 29.333 106.667 0.000 0.000 0.010 4.505 12.188
4.809 30.400 106.667 -0.000 0.000 0.010 4.809 12.188
5.124 31.467 106.667 -0.000 0.000 0.010 5.124 12.188
5.449 32.533 106.667 0.000 0.000 0.010 5.449 12.188
5.785 33.600 106.667 0.000 0.000 0.010 5.785 12.188
6.131 34.647 104.691 -197.531 0.000 0.010 6.131 12.188
6.488 35.654 100.741 -395.062 0.000 0.010 6.488 12.188
6.854 36.622 96.790 -395.062 0.000 0.010 6.854 12.188
7.230 37.551 92.840 -395.062 0.000 0.010 7.230 12.188
7.614 38.440 88.889 -395.062 0.000 0.010 7.614 12.188
8.007 39.289 84.938 -395.062 0.000 0.010 8.007 12.188
8.408 40.099 80.988 -395.062 0.000 0.010 8.408 12.188
8.817 40.869 77.037 -395.062 0.000 0.010 8.817 12.188
9.233 41.600 73.086 -395.062 0.000 0.010 9.233 12.188
9.656 42.291 69.136 -395.062 0.000 0.010 9.656 12.188
10.085 42.943 65.185 -395.062 0.000 0.010 10.085 12.188
10.520 43.556 61.235 -395.062 0.000 0.010 10.520 12.188
10.962 44.128 57.284 -395.062 0.000 0.010 10.962 12.188
11.408 44.662 53.333 -395.062 0.000 0.010 11.408 12.188
11.860 45.156 49.383 -395.062 0.000 0.010 11.860 12.188
12.316 45.610 45.432 -395.062 0.000 0.010 12.316 12.188
12.776 46.025 41.481 -395.062 0.000 0.010 12.776 12.188
13.240 46.400 37.531 -395.062 0.000 0.010 13.240 12.188
13.708 46.736 33.580 -395.062 0.000 0.010 13.708 12.188
14.178 47.032 29.630 -395.062 0.000 0.010 14.178 12.188
14.651 47.289 25.679 -395.062 0.000 0.010 14.651 12.188
15.126 47.506 21.728 -395.062 0.000 0.010 15.126 12.188
15.603 47.684 17.778 -395.062 0.000 0.010 15.603 12.188
16.081 47.822 13.827 -395.062 0.000 0.010 16.081 12.188
16.560 47.921 9.877 -395.062 0.000 0.010 16.560 12.188
17.040 47.980 5.926 -395.062 0.000 0.010 17.040 12.188
17.520 48.000 1.975 -395.062 0.000 0.010 17.520 12.188
18.000 48.000 0.000 -197.531 0.000 0.010 18.000 12.188
18.480 48.000 -0.000 -0.000 0.000 0.010 18.480 12.188
18.960 48.000 0.000 0.000 0.000 0.010 18.960 12.188
19.440 48.000 0.000 0.000 0.000 0.010 19.440 12.188
19.920 48.000 -0.000 -0.000 0.000 0.010 19.920 12.188
20.400 48.000 -0.000 0.000 0.000 0.010 20.400 12.188
20.880 48.000 0.000 0.000 0.000 0.010 20.880 12.188
21.360 48.000 -0.000 -0.000 0.000 0.010 21.360 12.188
21.840 48.000 -0.000 0.000 0.000 0.010 21.840 12.188
22.320 48.000 0.000 0.000 0.000 0.010 22.320 12.188
22.800 48.000 -0.000 -0.000 0.000 0.010 22.800 12.188
23.280 48.000 -0.000 0.000 0.000 0.010 23.280 12.188
23.760 48.000 0.000 0.000 0.000 0.010 23.760 12.188
24.240 48.000 0.000 -0.000 0.000 0.010 24.240 12.188
24.720 48.000 -0.000 -0.000 0.000 0.010 24.720 12.188
25.200 48.000 0.000 0.000 0.000 0.010 25.200 12.188
25.680 48.000 0.000 -0.000 0.000 0.010 25.680 12.188
26.160 48.000 0.000 0.000 0.000 0.010 26.160 12.188
26.640 48.000 0.000 0.000 0.000 0.010 26.640 12.188
27.120 48.000 0.000 0.000 0.000 0.010 27.120 12.188
27.600 48.000 0.000 0.000 0.000 0.010 27.600 12.188
28.080 48.000 -0.000 -0.000 0.000 0.010 28.080 12.188
28.560 48.000 0.000 0.000 0.000 0.010 28.560 12.188
29.040 48.000 0.000 0.000 0.000 0.010 29.040 12.188
29.520 48.000 -0.000 -0.000 0.000 0.010 29.520 12.188
30.000 48.000 0.000 0.000 0.000 0.010 30.000 12.188
30.480 48.000 -0.000 -0.000 0.000 0.010 30.480 12.188
30.960 48.000 -0.000 0.000 0.000 0.010 30.960 12.188
31.440 48.000 0.000 0.000 0.000 0.010 31.440 12.188
31.920 48.000 0.000 -0.000 0.000 0.010 31.920 12.188
32.400 48.000 -0.000 -0.000 0.000 0.010 32.400 12.188
32.880 48.000 0.000 0.000 0.000 0.010 32.880 12.188
33.360 48.000 -0.000 -0.000 0.000 0.010 33.360 12.188
33.840 48.000 0.000 0.000 0.000 0.010 33.840 12.188
34.320 48.000 -0.000 -0.000 0.000 0.010 34.320 12.188
34.800 48.000 0.000 0.000 0.000 0.010 34.800 12.188
35.280 48.000 -0.000 -0.000 0.000 0.010 35.280 12.188
35.760 48.000 0.000 0.000 0.000 0.010 35.760 12.188
36.240 48.000 -0.000 -0.000 0.000 0.010 36.240 12.188
36.720 48.000 0.000 0.000 0.000 0.010 36.720 12.188
37.200 48.000 0.000 0.000 0.000 0.010 37.200 12.188
37.680 48.000 0.000 0.000 0.000 0.010 37.680 12.188
38.160 48.000 0.000 -0.000 0.000 0.010 38.160 12.188
38.640 48.000 -0.000 -0.000 0.000 0.010 38.640 12.188
39.120 48.000 0.000 0.000 0.000 0.010 39.120 12.188
39.600 48.000 -0.000 -0.000 0.000 0.010 39.600 12.188
40.080 48.000 0.000 0.000 0.000 0.010 40.080 12.188
40.560 48.000 0.000 0.000 0.000 0.010 40.560 12.188
41.040 48.000 -0.000 -0.000 0.000 0.010 41.040 12.188
41.520 48.000 0.000 0.000 0.000 0.010 41.520 12.188
42.000 48.000 -0.000 -0.000 0.000 0.010 42.000 12.188
42.480 48.000 0.000 0.000 0.000 0.010 42.480 12.188
42.960 48.000 -0.000 -0.000 0.000 0.010 42.960 12.188
43.440 48.000 0.000 0.000 0.000 0.010 43.440 12.188
43.920 48.000 -0.000 -0.000 0.000 0.010 43.920 12.188
44.400 48.000 0.000 0.000 0.000 0.010 44.400 12.188
44.880 48.000 0.000 0.000 0.000 0.010 44.880 12.188
45.360 48.000 -0.000 -0.000 0.000 0.010 45.360 12.188
45.840 48.000 0.000 0.000 0.000 0.010 45.840 12.188
46.320 48.000 -0.000 -0.000 0.000 0.010 46.320 12.188
46.800 48.000 0.000 0.000 0.000 0.010 46.800 12.188
47.280 48.000 -0.000 -0.000 0.000 0.010 47.280 12.188
47.760 48.000 0.000 0.000 0.000 0.010 47.760 12.188
48.240 48.000 0.000 0.000 0.000 0.010 48.240 12.188
48.720 48.000 -0.000 -0.000 0.000 0.010 48.720 12.188
49.200 48.000 0.000 0.000 0.000 0.010 49.200 12.188
49.680 48.000 -0.000 -0.000 0.000 0.010 49.680 12.188
50.160 48.000 0.000 0.000 0.000 0.010 50.160 12.188
50.640 48.000 -0.000 -0.000 0.000 0.010 50.640 12.188
51.120 48.000 0.000 0.000 0.000 0.010 51.120 12.188
51.600 48.000 -0.000 -0.000 0.000 0.010 51.600 12.188
52.080 48.000 0.000 0.000 0.000 0.010 52.080 12.188
52.560 48.000 0.000 0.000 0.000 0.010 52.560 12.188
53.040 48.000 0.000 -0.000 0.000 0.010 53.040 12.188
53.520 48.000 -0.000 -0.000 0.000 0.010 53.520 12.188
54.000 48.000 0.000 0.000 0.000 0.010 54.000 12.188
54.480 48.000 0.000 0.000 0.000 0.010 54.480 12.188
54.960 48.000 -0.000 -0.000 0.000 0.010 54.960 12.188
55.440 48.000 0.000 0.000 0.000 0.010 55.440 12.188
55.920 48.000 0.000 0.000 0.000 0.010 55.920 12.188
56.400 48.000 -0.000 -0.000 0.000 0.010 56.400 12.188
56.880 48.000 0.000 0.000 0.000 0.010 56.880 12.188
57.360 48.000 -0.000 -0.000 0.000 0.010 57.360 12.188
57.840 48.000 0.000 0.000 0.000 0.010 57.840 12.188
58.320 48.000 -0.000 -0.000 0.000 0.010 58.320 12.188
58.800 48.000 0.000 0.000 0.000 0.010 58.800 12.188
59.280 48.000 -0.000 -0.000 0.000 0.010 59.280 12.188
59.760 48.000 0.000 0.000 0.000 0.010 59.760 12.188
60.240 48.000 0.000 0.000 0.000 0.010 60.240 12.188
60.720 48.000 -0.000 -0.000 0.000 0.010 60.720 12.188
61.200 48.000 0.000 0.000 0.000 0.010 61.200 12.188
61.680 48.000 -0.000 -0.000 0.000 0.010 61.680 12.188
62.160 48.000 0.000 0.000 0.000 0.010 62.160 12.188
62.640 48.000 -0.000 -0.000 0.000 0.010 62.640 12.188
63.120 48.000 0.000 0.000 0.000 0.010 63.120 12.188
63.600 48.000 0.000 0.000 0.000 0.010 63.600 12.188
64.080 48.000 0.000 0.000 0.000 0.010 64.080 12.188
64.560 48.000 -0.000 -0.000 0.000 0.010 64.560 12.188
65.040 48.000 0.000 0.000 0.000 0.010 65.040 12.188
65.520 48.000 0.000 0.000 0.000 0.010 65.520 12.188
66.000 48.000 0.000 0.000 0.000 0.010 66.000 12.188
66.480 48.000 0.000 0.000 0.000 0.010 66.480 12.188
66.960 48.000 -0.000 -0.000 0.000 0.010 66.960 12.188
67.440 48.000 0.000 0.000 0.000 0.010 67.440 12.188
67.920 48.000 0.000 0.000 0.000 0.010 67.920 12.188
68.400 48.000 0.000 0.000 0.000 0.010 68.400 12.188
68.880 48.000 -0.000 -0.000 0.000 0.010 68.880 12.188
69.360 48.000 0.000 0.000 0.000 0.010 69.360 12.188
69.840 48.000 0.000 0.000 0.000 0.010 69.840 12.188
70.320 48.000 0.000 0.000 0.000 0.010 70.320 12.188
70.800 48.000 -0.000 -0.000 0.000 0.010 70.800 12.188
71.280 48.000 0.000 0.000 0.000 0.010 71.280 12.188
71.760 48.000 0.000 0.000 0.000 0.010 71.760 12.188
72.240 48.000 0.000 0.000 0.000 0.010 72.240 12.188
72.720 48.000 -0.000 -0.000 0.000 0.010 72.720 12.188
73.200 48.000 0.000 0.000 0.000 0.010 73.200 12.188
73.680 48.000 0.000 0.000 0.000 0.010 73.680 12.188
74.160 48.000 0.000 0.000 0.000 0.010 74.160 12.188
74.640 48.000 0.000 0.000 0.000 0.010 74.640 12.188
75.120 48.000 -0.000 -0.000 0.000 0.010 75.120 12.188
75.600 48.000 0.000 0.000 0.000 0.010 75.600 12.188
76.080 48.000 0.000 0.000 0.000 0.010 76.080 12.188
76.560 48.000 -0.000 -0.000 0.000 0.010 76.560 12.188
77.040 48.000 0.000 0.000 0.000 0.010 77.040 12.188
77.520 48.000 -0.000 -0.000 0.000 0.010 77.520 12.188
78.000 48.000 0.000 0.000 0.000 0.010 78.000 12.188
78.480 48.000 0.000 0.000 0.000 0.010 78.480 12.188
78.960 48.000 0.000 -0.000 0.000 0.010 78.960 12.188
79.440 48.000 0.000 0.000 0.000 0.010 79.440 12.188
79.920 48.000 -0.000 -0.000 0.000 0.010 79.920 12.188
80.400 48.000 0.000 0.000 0.000 0.010 80.400 12.188
80.880 48.000 -0.000 -0.000 0.000 0.010 80.880 12.188
81.360 48.000 0.000 0.000 0.000 0.010 81.360 12.188
81.840 48.000 -0.000 -0.000 0.000 0.010 81.840 12.188
82.320 48.000 0.000 0.000 0.000 0.010 82.320 12.188
82.800 48.000 0.000 0.000 0.000 0.010 82.800 12.188
83.280 48.000 0.000 -0.000 0.000 0.010 83.280 12.188
83.760 48.000 0.000 0.000 0.000 0.010 83.760 12.188
84.240 48.000 0.000 0.000 0.000 0.010 84.240 12.188
84.720 48.000 0.000 0.000 0.000 0.010 84.720 12.188
85.200 48.000 -0.000 -0.000 0.000 0.010 85.200 12.188
85.680 48.000 0.000 0.000 0.000 0.010 85.680 12.188
86.160 48.000 -0.000 -0.000 0.000 0.010 86.160 12.188
86.640 48.000 0.000 0.000 0.000 0.010 86.640 12.188
87.120 48.000 -0.000 -0.000 0.000 0.010 87.120 12.188
87.600 48.000 0.000 0.000 0.000 0.010 87.600 12.188
88.080 48.000 0.000 0.000 0.000 0.010 88.080 12.188
88.560 48.000 -0.000 -0.000 0.000 0.010 88.560 12.188
89.040 48.000 -0.000 0.000 0.000 0.010 89.040 12.188
89.520 48.000 0.000 0.000 0.000 0.010 89.520 12.188
90.000 48.000 0.000 0.000 0.000 0.010 90.000 12.188
90.480 48.000 -0.000 -0.000 0.000 0.010 90.480 12.188
90.960 48.000 0.000 0.000 0.000 0.010 90.960 12.188
91.440 48.000 -0.000 -0.000 0.000 0.010 91.440 12.188
91.920 48.000 0.000 0.000 0.000 0.010 91.920 12.188
92.400 48.000 -0.000 -0.000 0.000 0.010 92.400 12.188
92.880 48.000 0.000 0.000 0.000 0.010 92.880 12.188
93.360 48.000 -0.000 -0.000 0.000 0.010 93.360 12.188
93.840 48.000 0.000 0.000 0.000 0.010 93.840 12.188
94.320 48.000 0.000 0.000 0.000 0.010 94.320 12.188
94.800 48.000 -0.000 -0.000 0.000 0.010 94.800 12.188
95.280 48.000 0.000 0.000 0.000 0.010 95.280 12.188
95.760 48.000 -0.000 -0.000 0.000 0.010 95.760 12.188
96.240 48.000 0.000 0.000 0.000 0.010 96.240 12.188
96.720 48.000 -0.000 -0.000 0.000 0.010 96.720 12.188
97.200 48.000 0.000 0.000 0.000 0.010 97.200 12.188
97.680 48.000 0.000 -0.000 0.000 0.010 97.680 12.188
98.160 48.000 0.000 0.000 0.000 0.010 98.160 12.188
98.640 48.000 -0.000 -0.000 0.000 0.010 98.640 12.188
99.120 48.000 0.000 0.000 0.000 0.010 99.120 12.188
99.600 48.000 -0.000 -0.000 0.000 0.010 99.600 12.188
100.080 48.000 0.000 0.000 0.000 0.010 100.080 12.188
100.560 48.000 -0.000 -0.000 0.000 0.010 100.560 12.188
101.040 48.000 0.000 0.000 0.000 0.010 101.040 12.188
101.520 48.000 -0.000 -0.000 0.000 0.010 101.520 12.188
102.000 48.000 0.000 0.000 0.000 0.010 102.000 12.188
102.480 48.000 0.000 -0.000 0.000 0.010 102.480 12.188
102.960 48.000 0.000 0.000 0.000 0.010 102.960 12.188
103.440 48.000 0.000 0.000 0.000 0.010 103.440 12.188
103.920 48.000 -0.000 -0.000 0.000 0.010 103.920 12.188
104.400 48.000 0.000 0.000 0.000 0.010 104.400 12.188
104.880 48.000 -0.000 -0.000 0.000 0.010 104.880 12.188
105.360 48.000 0.000 0.000 0.000 0.010 105.360 12.188
105.840 48.000 -0.000 -0.000 0.000 0.010 105.840 12.188
106.320 48.000 0.000 0.000 0.000 0.010 106.320 12.188
106.800 48.000 0.000 -0.000 0.000 0.010 106.800 12.188
107.280 48.000 0.000 0.000 0.000 0.010 107.280 12.188
107.760 48.000 -0.000 -0.000 0.000 0.010 107.760 12.188
108.240 48.000 0.000 0.000 0.000 0.010 108.240 12.188
108.720 48.000 0.000 0.000 0.000 0.010 108.720 12.188
109.200 48.000 -0.000 -0.000 0.000 0.010 109.200 12.188
109.680 48.000 0.000 0.000 0.000 0.010 109.680 12.188
110.160 48.000 -0.000 -0.000 0.000 0.010 110.160 12.188
110.640 48.000 0.000 0.000 0.000 0.010 110.640 12.188
111.120 48.000 -0.000 -0.000 0.000 0.010 111.120 12.188
111.600 48.000 0.000 0.000 0.000 0.010 111.600 12.188
112.080 48.000 0.000 -0.000 0.000 0.010 112.080 12.188
112.560 48.000 -0.000 -0.000 0.000 0.010 112.560 12.188
113.040 48.000 0.000 0.000 0.000 0.010 113.040 12.188
113.520 48.000 -0.000 -0.000 0.000 0.010 113.520 12.188
114.000 48.000 0.000 0.000 0.000 0.010 114.000 12.188
114.480 48.000 -0.000 -0.000 0.000 0.010 114.480 12.188
114.960 48.000 0.000 0.000 0.000 0.010 114.960 12.188
115.440 48.000 -0.000 -0.000 0.000 0.010 115.440 12.188
115.920 48.000 0.000 0.000 0.000 0.010 115.920 12.188
116.400 48.000 0.000 -0.000 0.000 0.010 116.400 12.188
116.880 48.000 0.000 0.000 0.000 0.010 116.880 12.188
117.360 48.000 -0.000 -0.000 0.000 0.010 117.360 12.188
117.840 48.000 0.000 0.000 0.000 0.010 117.840 12.188
118.320 48.000 -0.000 -0.000 0.000 0.010 118.320 12.188
118.800 48.000 0.000 0.000 0.000 0.010 118.800 12.188
119.280 48.000 -0.000 -0.000 0.000 0.010 119.280 12.188
119.760 48.000 0.000 0.000 0.000 0.010 119.760 12.188
120.240 48.000 -0.000 -0.000 0.000 0.010 120.240 12.188
120.720 48.000 0.000 0.000 0.000 0.010 120.720 12.188
121.200 48.000 0.000 -0.000 0.000 0.010 121.200 12.188
121.680 48.000 0.000 0.000 0.000 0.010 121.680 12.188
122.160 48.000 0.000 0.000 0.000 0.010 122.160 12.188
122.640 48.000 -0.000 -0.000 0.000 0.010 122.640 12.188
123.120 48.000 0.000 0.000 0.000 0.010 123.120 12.188
123.600 48.000 -0.000 -0.000 0.000 0.010 123.600 12.188
124.080 48.000 0.000 0.000 0.000 0.010 124.080 12.188
124.560 48.000 -0.000 -0.000 0.000 0.010 124.560 12.188
125.040 48.000 0.000 0.000 0.000 0.010 125.040 12.188
125.520 48.000 0.000 -0.000 0.000 0.010 125.520 12.188
126.000 48.000 0.000 0.000 0.000 0.010 126.000 12.188
126.480 48.000 -0.000 -0.000 0.000 0.010 126.480 12.188
126.960 48.000 0.000 0.000 0.000 0.010 126.960 12.188
127.440 48.000 0.000 0.000 0.000 0.010 127.440 12.188
127.920 48.000 -0.000 -0.000 0.000 0.010 127.920 12.188
128.400 48.000 0.000 0.000 0.000 0.010 128.400 12.188
128.880 48.000 0.000 0.000 0.000 0.010 128.880 12.188
129.360 48.000 -0.000 -0.000 0.000 0.010 129.360 12.188
129.840 48.000 0.000 0.000 0.000 0.010 129.840 12.188
130.320 48.000 0.000 -0.000 0.000 0.010 130.320 12.188
130.800 48.000 0.000 0.000 0.000 0.010 130.800 12.188
131.280 48.000 -0.000 -0.000 0.000 0.010 131.280 12.188
131.760 48.000 0.000 0.000 0.000 0.010 131.760 12.188
132.240 48.000 -0.000 -0.000 0.000 0.010 132.240 12.188
132.720 48.000 -0.000 0.000 0.000 0.010 132.720 12.188
133.200 48.000 0.000 0.000 0.000 0.010 133.200 12.188
133.680 48.000 0.000 -0.000 0.000 0.010 133.680 12.188
134.160 48.000 0.000 0.000 0.000 0.010 134.160 12.188
134.640 48.000 -0.000 -0.000 0.000 0.010 134.640 12.188
135.120 48.000 0.000 0.000 0.000 0.010 135.120 12.188
135.600 48.000 -0.000 -0.000 0.000 0.010 135.600 12.188
136.080 48.000 -0.000 0.000 0.000 0.010 136.080 12.188
136.560 48.000 0.000 0.000 0.000 0.010 136.560 12.188
137.040 48.000 0.000 -0.000 0.000 0.010 137.040 12.188
137.520 48.000 0.000 0.000 0.000 0.010 137.520 12.188
138.000 48.000 0.000 0.000 0.000 0.010 138.000 12.188
138.480 48.000 0.000 0.000 0.000 0.010 138.480 12.188
138.960 48.000 -0.000 -0.000 0.000 0.010 138.960 12.188
139.440 48.000 0.000 0.000 0.000 0.010 139.440 12.188
139.920 48.000 0.000 -0.000 0.000 0.010 139.920 12.188
140.400 48.000 0.000 0.000 0.000 0.010 140.400 12.188
140.880 48.000 0.000 0.000 0.000 0.010 140.880 12.188
141.360 48.000 0.000 0.000 0.000 0.010 141.360 12.188
141.840 48.000 0.000 0.000 0.000 0.010 141.840 12.188
142.320 48.000 -0.000 -0.000 0.000 0.010 142.320 12.188
142.800 48.000 0.000 0.000 0.000 0.010 142.800 12.188
143.280 48.000 -0.000 -0.000 0.000 0.010 143.280 12.188
143.760 48.000 0.000 0.000 0.000 0.010 143.760 12.188
144.240 48.000 0.000 -0.000 0.000 0.010 144.240 12.188
144.720 48.000 0.000 0.000 0.000 0.010 144.720 12.188
145.200 48.000 -0.000 -0.000 0.000 0.010 145.200 12.188
145.680 48.000 0.000 0.000 0.000 0.010 145.680 12.188
146.160 48.000 0.000 0.000 0.000 0.010 146.160 12.188
146.640 48.000 -0.000 -0.000 0.000 0.010 146.640 12.188
147.120 48.000 0.000 0.000 0.000 0.010 147.120 12.188
147.600 48.000 0.000 -0.000 0.000 0.010 147.600 12.188
148.080 48.000 0.000 0.000 0.000 0.010 148.080 12.188
148.560 48.000 -0.000 -0.000 0.000 0.010 148.560 12.188
149.040 48.000 0.000 0.000 0.000 0.010 149.040 12.188
149.520 48.000 -0.000 -0.000 0.000 0.010 149.520 12.188
150.000 48.000 -0.000 0.000 0.000 0.010 150.000 12.188
150.480 48.000 0.000 0.000 0.000 0.010 150.480 12.188
150.960 48.000 -0.000 -0.000 0.000 0.010 150.960 12.188
151.440 48.000 0.000 0.000 0.000 0.010 151.440 12.188
151.920 48.000 -0.000 -0.000 0.000 0.010 151.920 12.188
152.400 48.000 0.000 0.000 0.000 0.010 152.400 12.188
152.880 48.000 0.000 0.000 0.000 0.010 152.880 12.188
153.360 48.000 -0.000 -0.000 0.000 0.010 153.360 12.188
153.840 48.000 0.000 0.000 0.000 0.010 153.840 12.188
154.320 48.000 0.000 -0.000 0.000 0.010 154.320 12.188
154.800 48.000 0.000 0.000 0.000 0.010 154.800 12.188
155.280 48.000 0.000 0.000 0.000 0.010 155.280 12.188
155.760 48.000 -0.000 -0.000 0.000 0.010 155.760 12.188
156.240 47.973 -2.711 -271.119 0.000 0.010 156.240 12.188
156.718 47.783 -18.980 -1626.883 0.000 0.010 156.718 12.188
157.193 47.566 -21.695 -271.449 0.001 0.010 157.193 12.188
157.667 47.349 -21.696 -0.145 0.001 0.010 157.667 12.188
158.138 47.132 -21.695 0.073 0.002 0.010 158.138 12.189
158.607 46.915 -21.692 0.305 0.003 0.010 158.607 12.190
159.074 46.698 -21.687 0.556 0.004 0.010 159.074 12.191
159.539 46.482 -21.678 0.832 0.005 0.010 159.539 12.193
160.002 46.265 -21.667 1.136 0.006 0.010 160.002 12.196
160.462 46.048 -21.652 1.475 0.008 0.010 160.462 12.199
160.920 45.832 -21.634 1.854 0.010 0.010 160.920 12.203
161.377 45.616 -21.611 2.276 0.012 0.010 161.377 12.208
161.831 45.400 -21.583 2.748 0.014 0.010 161.830 12.214
162.282 45.185 -21.551 3.273 0.016 0.010 162.282 12.221
162.732 44.970 -21.512 3.858 0.019 0.010 162.732 12.229
163.180 44.755 -21.467 4.507 0.021 0.010 163.179 12.238
163.625 44.541 -21.415 5.224 0.024 0.010 163.625 12.248
164.068 44.327 -21.355 6.014 0.027 0.010 164.068 12.259
164.510 44.114 -21.286 6.881 0.030 0.010 164.509 12.272
164.949 43.902 -21.208 7.831 0.034 0.010 164.948 12.286
165.385 43.691 -21.119 8.866 0.037 0.010 165.384 12.302
165.820 43.481 -21.019 9.991 0.041 0.010 165.819 12.319
166.253 43.272 -20.907 11.210 0.045 0.010 166.251 12.337
166.684 43.064 -20.782 12.525 0.049 0.010 166.681 12.357
167.112 42.858 -20.642 13.940 0.053 0.010 167.109 12.379
167.539 42.653 -20.488 15.456 0.058 0.010 167.535 12.403
167.963 42.450 -20.317 17.077 0.062 0.010 167.959 12.428
168.386 42.248 -20.129 18.803 0.067 0.010 168.380 12.455
168.806 42.049 -19.922 20.636 0.072 0.010 168.800 12.484
169.225 41.852 -19.697 22.576 0.077 0.010 169.217 12.515
169.641 41.658 -19.451 24.622 0.082 0.010 169.633 12.548
170.056 41.466 -19.183 26.773 0.087 0.010 170.046 12.583
170.469 41.277 -18.893 29.028 0.093 0.010 170.457 12.621
170.880 41.091 -18.579 31.383 0.098 0.010 170.866 12.660
171.289 40.909 -18.240 33.835 0.104 0.010 171.273 12.701
171.696 40.730 -17.877 36.380 0.110 0.010 171.678 12.745
172.102 40.555 -17.486 39.012 0.116 0.010 172.081 12.791
172.505 40.384 -17.069 41.724 0.123 0.010 172.482 12.839
172.908 40.218 -16.624 44.509 0.129 0.010 172.881 12.889
173.308 40.057 -16.151 47.358 0.136 0.010 173.278 12.942
173.707 39.900 -15.648 50.262 0.142 0.010 173.673 12.997
174.105 39.749 -15.116 53.211 0.149 0.010 174.066 13.055
174.501 39.603 -14.554 56.192 0.156 0.010 174.458 13.115
174.895 39.464 -13.962 59.194 0.163 0.010 174.847 13.178
175.289 39.330 -13.340 62.204 0.170 0.010 175.235 13.243
175.681 39.203 -12.688 65.207 0.177 0.010 175.621 13.311
176.071 39.083 -12.006 68.189 0.184 0.010 176.006 13.381
176.461 38.970 -11.295 71.135 0.192 0.010 176.389 13.454
176.850 38.865 -10.554 74.030 0.199 0.010 176.770 13.529
177.238 38.767 -9.786 76.858 0.207 0.010 177.149 13.608
177.624 38.677 -8.990 79.603 0.215 0.010 177.528 13.688
178.010 38.595 -8.167 82.250 0.222 0.010 177.904 13.772
178.395 38.522 -7.319 84.784 0.230 0.010 178.280 13.859
178.780 38.458 -6.447 87.190 0.238 0.010 178.654 13.948
179.164 38.402 -5.553 89.454 0.246 0.010 179.027 14.040
179.548 38.356 -4.637 91.563 0.254 0.010 179.398 14.135
179.931 38.319 -3.702 93.505 0.262 0.010 179.769 14.232
180.314 38.291 -2.749 95.269 0.270 0.010 180.139 14.333
180.696 38.274 -1.781 96.846 0.278 0.010 180.507 14.436
181.079 38.266 -0.799 98.227 0.286 0.010 180.875 14.542
181.462 38.268 0.195 99.407 0.294 0.010 181.241 14.652
181.845 38.280 1.199 100.382 0.302 0.010 181.607 14.764
182.228 38.302 2.211 101.149 0.310 0.010 181.973 14.879
182.611 38.334 3.228 101.707 0.317 0.010 182.337 14.997
182.995 38.376 4.248 102.059 0.325 0.010 182.701 15.119
183.379 38.429 5.270 102.207 0.333 0.010 183.065 15.243
183.764 38.492 6.292 102.157 0.341 0.010 183.428 15.370
184.150 38.565 7.311 101.918 0.349 0.010 183.791 15.501
184.536 38.648 8.326 101.497 0.356 0.010 184.154 15.634
184.923 38.742 9.335 100.906 0.364 0.010 184.516 15.771
185.312 38.845 10.337 100.159 0.372 0.010 184.879 15.910
185.702 38.958 11.329 99.268 0.379 0.010 185.241 16.053
186.092 39.082 12.312 98.250 0.386 0.010 185.604 16.199
186.484 39.214 13.283 97.122 0.393 0.010 185.967 16.348
186.878 39.357 14.242 95.902 0.401 0.010 186.330 16.500
187.273 39.509 15.188 94.607 0.408 0.010 186.693 16.656
187.670 39.670 16.121 93.258 0.414 0.010 187.057 16.814
188.068 39.840 17.040 91.874 0.421 0.010 187.421 16.976
188.468 40.020 17.944 90.476 0.428 0.010 187.785 17.140
188.870 40.208 18.835 89.083 0.434 0.010 188.151 17.308
189.275 40.405 19.712 87.717 0.440 0.010 188.517 17.479
189.681 40.611 20.576 86.397 0.446 0.010 188.884 17.654
190.089 40.825 21.428 85.144 0.452 0.010 189.251 17.831
190.499 41.048 22.267 83.978 0.458 0.010 189.620 18.011
190.912 41.279 23.097 82.917 0.463 0.010 189.990 18.195
191.327 41.518 23.916 81.981 0.469 0.010 190.361 18.381
191.745 41.765 24.728 81.187 0.474 0.010 190.733 18.571
192.165 42.021 25.534 80.555 0.479 0.010 191.106 18.764
192.588 42.284 26.335 80.101 0.483 0.010 191.481 18.959
193.014 42.555 27.133 79.841 0.488 0.010 191.857 19.158
193.442 42.835 27.931 79.792 0.492 0.010 192.235 19.360
193.873 43.122 28.731 79.969 0.496 0.010 192.615 19.564
194.307 43.417 29.535 80.388 0.500 0.010 192.996 19.772
194.745 43.721 30.345 81.062 0.503 0.010 193.380 19.982
195.185 44.032 31.165 82.006 0.507 0.010 193.765 20.195
195.628 44.352 31.998 83.233 0.510 0.010 194.153 20.411
196.075 44.681 32.845 84.757 0.512 0.010 194.542 20.629
196.525 45.018 33.711 86.590 0.515 0.010 194.934 20.850
196.979 45.364 34.599 88.745 0.517 0.010 195.329 21.074
197.436 45.719 35.511 91.234 0.519 0.010 195.726 21.301
197.897 46.084 36.452 94.069 0.520 0.010 196.126 21.529
198.362 46.458 37.424 97.261 0.522 0.010 196.529 21.761
198.830 46.842 38.433 100.821 0.523 0.010 196.935 21.994
199.302 47.237 39.480 104.759 0.523 0.010 197.344 22.230
199.779 47.643 40.571 109.086 0.524 0.010 197.757 22.469
200.258 47.911 26.824 -1374.657 0.524 0.010 198.172 22.708
200.735 47.658 -25.296 -5212.018 0.524 0.010 198.585 22.946
201.208 47.364 -29.445 -414.897 0.524 0.010 198.995 23.183
201.679 47.074 -28.933 51.216 0.525 0.010 199.402 23.419
202.147 46.790 -28.437 49.544 0.526 0.010 199.807 23.654
202.612 46.510 -27.957 48.006 0.527 0.010 200.209 23.888
203.074 46.235 -27.491 46.605 0.529 0.010 200.608 24.121
203.534 45.965 -27.038 45.340 0.531 0.010 201.005 24.353
203.991 45.699 -26.595 44.213 0.532 0.010 201.399 24.585
204.445 45.437 -26.163 43.224 0.535 0.010 201.790 24.816
204.897 45.180 -25.740 42.371 0.537 0.010 202.179 25.046
205.346 44.927 -25.323 41.656 0.539 0.010 202.564 25.277
205.793 44.678 -24.912 41.077 0.542 0.010 202.947 25.507
206.237 44.433 -24.506 40.634 0.545 0.010 203.328 25.737
206.679 44.192 -24.103 40.326 0.548 0.010 203.705 25.966
207.119 43.955 -23.701 40.151 0.551 0.010 204.080 26.196
207.556 43.722 -23.300 40.107 0.555 0.010 204.452 26.426
207.991 43.493 -22.898 40.194 0.559 0.010 204.821 26.655
208.424 43.268 -22.494 40.407 0.563 0.010 205.188 26.885
208.854 43.047 -22.087 40.747 0.567 0.010 205.551 27.116
209.283 42.830 -21.674 41.209 0.571 0.010 205.912 27.346
209.709 42.617 -21.257 41.790 0.575 0.010 206.270 27.578
210.133 42.409 -20.832 42.486 0.580 0.010 206.626 27.809
210.555 42.205 -20.399 43.295 0.585 0.010 206.978 28.041
210.975 42.006 -19.957 44.210 0.590 0.010 207.328 28.274
211.393 41.811 -19.504 45.227 0.595 0.010 207.675 28.507
211.809 41.620 -19.041 46.341 0.600 0.010 208.019 28.741
212.224 41.434 -18.565 47.546 0.605 0.010 208.360 28.976
212.636 41.254 -18.077 48.835 0.611 0.010 208.699 29.212
213.047 41.078 -17.575 50.200 0.616 0.010 209.035 29.448
213.456 40.907 -17.059 51.636 0.622 0.010 209.368 29.686
213.863 40.742 -16.527 53.132 0.628 0.010 209.698 29.924
214.269 40.582 -15.981 54.682 0.634 0.010 210.026 30.164
214.673 40.428 -15.418 56.275 0.641 0.010 210.351 30.404
215.076 40.280 -14.839 57.902 0.647 0.010 210.673 30.646
215.478 40.137 -14.243 59.554 0.653 0.010 210.992 30.889
215.878 40.001 -13.631 61.219 0.660 0.010 211.309 31.133
216.276 39.871 -13.002 62.887 0.667 0.010 211.623 31.379
216.674 39.747 -12.357 64.548 0.673 0.010 211.935 31.625
217.070 39.630 -11.695 66.190 0.680 0.010 212.244 31.874
217.465 39.520 -11.017 67.802 0.687 0.010 212.550 32.123
217.859 39.417 -10.323 69.373 0.694 0.010 212.854 32.374
218.253 39.321 -9.614 70.891 0.701 0.010 213.155 32.627
218.645 39.232 -8.891 72.346 0.709 0.010 213.454 32.881
219.037 39.150 -8.153 73.727 0.716 0.010 213.751 33.137
219.427 39.076 -7.403 75.024 0.723 0.010 214.045 33.394
219.817 39.010 -6.641 76.227 0.730 0.010 214.336 33.654
220.207 38.951 -5.868 77.328 0.738 0.010 214.625 33.915
220.596 38.900 -5.085 78.316 0.745 0.010 214.912 34.177
220.984 38.858 -4.293 79.185 0.753 0.010 215.197 34.442
221.373 38.823 -3.493 79.928 0.760 0.010 215.479 34.709
221.761 38.796 -2.688 80.538 0.768 0.010 215.759 34.977
222.148 38.777 -1.878 81.012 0.776 0.010 216.037 35.247
222.536 38.766 -1.064 81.345 0.783 0.010 216.313 35.520
222.924 38.764 -0.249 81.534 0.791 0.010 216.586 35.794
223.311 38.769 0.567 81.579 0.798 0.010 216.858 36.071
223.699 38.783 1.381 81.478 0.806 0.010 217.128 36.350
224.087 38.805 2.194 81.232 0.813 0.010 217.395 36.631
224.476 38.835 3.002 80.844 0.821 0.010 217.661 36.914
224.864 38.873 3.805 80.317 0.828 0.010 217.925 37.199
225.254 38.919 4.602 79.654 0.836 0.010 218.187 37.487
225.643 38.973 5.391 78.861 0.843 0.010 218.447 37.777
226.034 39.035 6.170 77.945 0.851 0.010 218.706 38.070
226.425 39.104 6.939 76.912 0.858 0.010 218.963 38.364
226.817 39.181 7.697 75.771 0.865 0.010 219.218 38.662
227.209 39.266 8.442 74.530 0.872 0.010 219.472 38.962
227.603 39.357 9.174 73.199 0.879 0.010 219.724 39.264
227.997 39.456 9.892 71.788 0.886 0.010 219.974 39.569
228.393 39.562 10.595 70.307 0.893 0.010 220.223 39.876
228.790 39.675 11.283 68.767 0.900 0.010 220.471 40.186
229.188 39.795 11.954 67.179 0.907 0.010 220.717 40.499
229.587 39.921 12.610 65.554 0.913 0.010 220.962 40.814
229.987 40.049 12.838 22.812 0.920 0.010 221.206 41.132
230.389 40.163 11.387 -145.126 0.926 0.010 221.448 41.452
230.791 40.249 8.639 -274.776 0.933 0.010 221.689 41.775
231.195 40.308 5.822 -281.688 0.939 0.010 221.928 42.099
231.598 40.337 2.932 -289.008 0.945 0.010 222.165 42.425
232.001 40.337 -0.035 -296.686 0.951 0.010 222.401 42.753
232.404 40.306 -3.081 -304.667 0.956 0.010 222.634 43.081
232.807 40.244 -6.210 -312.901 0.962 0.010 222.865 43.411
233.208 40.149 -9.424 -321.336 0.967 0.010 223.094 43.741
233.608 40.022 -12.723 -329.924 0.972 0.010 223.320 44.071
234.007 39.861 -16.109 -338.616 0.977 0.010 223.544 44.401
234.404 39.665 -19.583 -347.368 0.982 0.010 223.765 44.730
234.798 39.434 -23.144 -356.138 0.987 0.010 223.983 45.059
235.190 39.166 -26.793 -364.884 0.991 0.010 224.198 45.386
235.578 38.861 -30.529 -373.570 0.995 0.010 224.411 45.711
235.964 38.517 -34.350 -382.162 0.999 0.010 224.620 46.035
236.345 38.135 -38.257 -390.624 1.003 0.010 224.825 46.356
236.722 37.712 -42.246 -398.927 1.007 0.010 225.027 46.674
237.094 37.249 -46.316 -407.041 1.010 0.010 225.226 46.990
237.462 36.744 -50.466 -414.939 1.013 0.010 225.421 47.301
237.824 36.197 -54.692 -422.592 1.016 0.010 225.612 47.609
238.180 35.607 -58.991 -429.976 1.019 0.010 225.799 47.912
238.530 34.974 -63.362 -437.062 1.022 0.010 225.982 48.210
238.873 34.296 -67.800 -443.826 1.024 0.010 226.160 48.502
239.208 33.573 -72.303 -450.240 1.027 0.010 226.334 48.789
239.536 32.804 -76.865 -456.275 1.029 0.010 226.504 49.070
239.856 31.989 -81.484 -461.905 1.031 0.010 226.669 49.345
240.168 31.132 -85.695 -421.096 1.033 0.010 226.828 49.612
240.470 30.251 -88.091 -239.590 1.034 0.010 226.983 49.872
240.764 29.361 -89.097 -100.564 1.036 0.010 227.133 50.124
241.048 28.460 -90.088 -99.106 1.037 0.010 227.278 50.369
241.324 27.549 -91.063 -97.470 1.038 0.010 227.418 50.606
241.590 26.629 -92.019 -95.665 1.040 0.010 227.553 50.836
241.847 25.699 -92.956 -93.698 1.041 0.010 227.683 51.057
242.095 24.761 -93.872 -91.575 1.041 0.010 227.808 51.271
242.333 23.813 -94.765 -89.302 1.042 0.010 227.929 51.477
242.561 22.857 -95.634 -86.882 1.043 0.010 228.044 51.674
242.780 21.892 -96.477 -84.321 1.044 0.010 228.154 51.863
242.990 20.919 -97.293 -81.621 1.044 0.010 228.259 52.044
243.189 19.938 -98.081 -78.788 1.045 0.010 228.359 52.216
243.378 18.950 -98.839 -75.824 1.045 0.010 228.454 52.380
243.558 17.954 -99.567 -72.732 1.045 0.010 228.545 52.536
243.727 16.951 -100.262 -69.518 1.046 0.010 228.630 52.682
243.887 15.942 -100.924 -66.184 1.046 0.010 228.709 52.820
244.036 14.927 -101.551 -62.735 1.046 0.010 228.784 52.949
244.175 13.910 -101.659 -10.768 1.046 0.010 228.854 53.070
244.304 12.912 -99.778 188.049 1.047 0.010 228.918 53.182
244.424 11.948 -96.380 339.852 1.047 0.010 228.978 53.285
244.534 11.019 -92.923 345.718 1.047 0.010 229.033 53.380
244.635 10.125 -89.411 351.196 1.047 0.010 229.084 53.468
244.728 9.267 -85.848 356.289 1.047 0.010 229.130 53.548
244.812 8.444 -82.238 361.004 1.047 0.010 229.173 53.622
244.889 7.658 -78.584 365.346 1.047 0.010 229.211 53.688
244.958 6.909 -74.891 369.325 1.047 0.010 229.245 53.748
245.020 6.198 -71.162 372.950 1.047 0.010 229.276 53.801
245.075 5.524 -67.399 376.232 1.047 0.010 229.304 53.849
245.124 4.888 -63.607 379.184 1.047 0.010 229.329 53.892
245.167 4.290 -59.789 381.820 1.047 0.010 229.350 53.929
245.204 3.730 -55.948 384.153 1.047 0.010 229.369 53.961
245.236 3.210 -52.086 386.201 1.047 0.010 229.385 53.989
245.264 2.728 -48.206 387.978 1.047 0.010 229.398 54.012
245.287 2.284 -44.311 389.504 1.047 0.010 229.410 54.032
245.305 1.880 -40.403 390.794 1.047 0.010 229.419 54.048
245.321 1.516 -36.484 391.869 1.047 0.010 229.427 54.062
245.332 1.190 -32.557 392.747 1.047 0.010 229.433 54.072
245.342 0.904 -28.622 393.447 1.047 0.010 229.437 54.080
245.348 0.657 -24.682 393.989 1.047 0.010 229.440 54.085
245.353 0.450 -20.738 394.394 1.047 0.010 229.443 54.089
245.355 0.282 -16.792 394.681 1.047 0.010 229.444 54.092
245.357 0.153 -12.843 394.870 1.047 0.010 229.445 54.093
245.358 0.064 -8.893 394.982 1.047 0.010 229.445 54.094
245.358 0.015 -4.943 395.038 1.047 0.010 229.445 54.094
245.358 0.000 -1.484 345.897 1.047 0.010 229.445 54.094
0.000 0.040 3.951 395.062 0.000 0.010 0.000 -12.188
0.001 0.079 3.951 0.000 0.000 0.010 0.001 -12.188
0.003 0.178 9.877 592.593 0.000 0.010 0.003 -12.188
0.006 0.316 13.827 395.062 0.000 0.010 0.006 -12.188
0.011 0.494 17.778 395.062 0.000 0.010 0.011 -12.188
0.018 0.711 21.728 395.062 0.000 0.010 0.018 -12.188
0.028 0.968 25.679 395.062 0.000 0.010 0.028 -12.188
0.040 1.264 29.630 395.062 0.000 0.010 0.040 -12.188
0.056 1.600 33.580 395.062 0.000 0.010 0.056 -12.188
0.076 1.975 37.531 395.062 0.000 0.010 0.076 -12.188
0.100 2.390 41.481 395.062 0.000 0.010 0.100 -12.188
0.128 2.844 45.432 395.062 0.000 0.010 0.128 -12.188
0.162 3.338 49.383 395.062 0.000 0.010 0.162 -12.188
0.200 3.872 53.333 395.062 0.000 0.010 0.200 -12.188
0.245 4.444 57.284 395.062 0.000 0.010 0.245 -12.188
0.296 5.057 61.235 395.062 0.000 0.010 0.296 -12.188
0.353 5.709 65.185 395.062 0.000 0.010 0.353 -12.188
0.417 6.400 69.136 395.062 0.000 0.010 0.417 -12.188
0.488 7.131 73.086 395.062 0.000 0.010 0.488 -12.188
0.567 7.901 77.037 395.062 0.000 0.010 0.567 -12.188
0.654 8.711 80.988 395.062 0.000 0.010 0.654 -12.188
0.750 9.560 84.938 395.062 0.000 0.010 0.750 -12.188
0.854 10.449 88.889 395.062 0.000 0.010 0.854 -12.188
0.968 11.378 92.840 395.062 0.000 0.010 0.968 -12.188
1.091 12.346 96.790 395.062 0.000 0.010 1.091 -12.188
1.225 13.353 100.741 395.062 0.000 0.010 1.225 -12.188
1.369 14.400 104.691 395.062 0.000 0.010 1.369 -12.188
1.524 15.467 106.667 197.531 0.000 0.010 1.524 -12.188
1.689 16.533 106.667 0.000 0.000 0.010 1.689 -12.188
1.865 17.600 106.667 -0.000 0.000 0.010 1.865 -12.188
2.052 18.667 106.667 0.000 0.000 0.010 2.052 -12.188
2.249 19.733 106.667 0.000 0.000 0.010 2.249 -12.188
2.457 20.800 106.667 -0.000 0.000 0.010 2.457 -12.188
2.676 21.867 106.667 0.000 0.000 0.010 2.676 -12.188
2.905 22.933 106.667 0.000 0.000 0.010 2.905 -12.188
3.145 24.000 106.667 -0.000 0.000 0.010 3.145 -12.188
3.396 25.067 106.667 0.000 0.000 0.010 3.396 -12.188
3.657 26.133 106.667 -0.000 0.000 0.010 3.657 -12.188
3.929 27.200 106.667 0.000 0.000 0.010 3.929 -12.188
4.212 28.267 106.667 -0.000 0.000 0.010 4.212 -12.188
4.505 29.333 106.667 0.000 0.000 0.010 4.505 -12.188
4.809 30.400 106.667 -0.000 0.000 0.010 4.809 -12.188
5.124 31.467 106.667 -0.000 0.000 0.010 5.124 -12.188
5.449 32.533 106.667 0.000 0.000 0.010 5.449 -12.188
5.785 33.600 106.667 0.000 0.000 0.010 5.785 -12.188
6.131 34.647 104.691 -197.531 0.000 0.010 6.131 -12.188
6.488 35.654 100.741 -395.062 0.000 0.010 6.488 -12.188
6.854 36.622 96.790 -395.062 0.000 0.010 6.854 -12.188
7.230 37.551 92.840 -395.062 0.000 0.010 7.230 -12.188
7.614 38.440 88.889 -395.062 0.000 0.010 7.614 -12.188
8.007 39.289 84.938 -395.062 0.000 0.010 8.007 -12.188
8.408 40.099 80.988 -395.062 0.000 0.010 8.408 -12.188
8.817 40.869 77.037 -395.062 0.000 0.010 8.817 -12.188
9.233 41.600 73.086 -395.062 0.000 0.010 9.233 -12.188
9.656 42.291 69.136 -395.062 0.000 0.010 9.656 -12.188
10.085 42.943 65.185 -395.062 0.000 0.010 10.085 -12.188
10.520 43.556 61.235 -395.062 0.000 0.010 10.520 -12.188
10.962 44.128 57.284 -395.062 0.000 0.010 10.962 -12.188
11.408 44.662 53.333 -395.062 0.000 0.010 11.408 -12.188
11.860 45.156 49.383 -395.062 0.000 0.010 11.860 -12.188
12.316 45.610 45.432 -395.062 0.000 0.010 12.316 -12.188
12.776 46.025 41.481 -395.062 0.000 0.010 12.776 -12.188
13.240 46.400 37.531 -395.062 0.000 0.010 13.240 -12.188
13.708 46.736 33.580 -395.062 0.000 0.010 13.708 -12.188
14.178 47.032 29.630 -395.062 0.000 0.010 14.178 -12.188
14.651 47.289 25.679 -395.062 0.000 0.010 14.651 -12.188
15.126 47.506 21.728 -395.062 0.000 0.010 15.126 -12.188
15.603 47.684 17.778 -395.062 0.000 0.010 15.603 -12.188
16.081 47.822 13.827 -395.062 0.000 0.010 16.081 -12.188
16.560 47.921 9.877 -395.062 0.000 0.010 16.560 -12.188
17.040 47.980 5.926 -395.062 0.000 0.010 17.040 -12.188
17.520 48.000 1.975 -395.062 0.000 0.010 17.520 -12.188
18.000 48.000 0.000 -197.531 0.000 0.010 18.000 -12.188
18.480 48.000 -0.000 -0.000 0.000 0.010 18.480 -12.188
18.960 48.000 0.000 0.000 0.000 0.010 18.960 -12.188
19.440 48.000 0.000 0.000 0.000 0.010 19.440 -12.188
19.920 48.000 -0.000 -0.000 0.000 0.010 19.920 -12.188
20.400 48.000 -0.000 0.000 0.000 0.010 20.400 -12.188
20.880 48.000 0.000 0.000 0.000 0.010 20.880 -12.188
21.360 48.000 -0.000 -0.000 0.000 0.010 21.360 -12.188
21.840 48.000 -0.000 0.000 0.000 0.010 21.840 -12.188
22.320 48.000 0.000 0.000 0.000 0.010 22.320 -12.188
22.800 48.000 -0.000 -0.000 0.000 0.010 22.800 -12.188
23.280 48.000 -0.000 0.000 0.000 0.010 23.280 -12.188
23.760 48.000 0.000 0.000 0.000 0.010 23.760 -12.188
24.240 48.000 0.000 -0.000 0.000 0.010 24.240 -12.188
24.720 48.000 -0.000 -0.000 0.000 0.010 24.720 -12.188
25.200 48.000 0.000 0.000 0.000 0.010 25.200 -12.188
25.680 48.000 0.000 -0.000 0.000 0.010 25.680 -12.188
26.160 48.000 0.000 0.000 0.000 0.010 26.160 -12.188
26.640 48.000 0.000 0.000 0.000 0.010 26.640 -12.188
27.120 48.000 0.000 0.000 0.000 0.010 27.120 -12.188
27.600 48.000 0.000 0.000 0.000 0.010 27.600 -12.188
28.080 48.000 -0.000 -0.000 0.000 0.010 28.080 -12.188
28.560 48.000 0.000 0.000 0.000 0.010 28.560 -12.188
29.040 48.000 0.000 0.000 0.000 0.010 29.040 -12.188
29.520 48.000 -0.000 -0.000 0.000 0.010 29.520 -12.188
30.000 48.000 0.000 0.000 0.000 0.010 30.000 -12.188
30.480 48.000 -0.000 -0.000 0.000 0.010 30.480 -12.188
30.960 48.000 -0.000 0.000 0.000 0.010 30.960 -12.188
31.440 48.000 0.000 0.000 0.000 0.010 31.440 -12.188
31.920 48.000 0.000 -0.000 0.000 0.010 31.920 -12.188
32.400 48.000 -0.000 -0.000 0.000 0.010 32.400 -12.188
32.880 48.000 0.000 0.000 0.000 0.010 32.880 -12.188
33.360 48.000 -0.000 -0.000 0.000 0.010 33.360 -12.188
33.840 48.000 0.000 0.000 0.000 0.010 33.840 -12.188
34.320 48.000 -0.000 -0.000 0.000 0.010 34.320 -12.188
34.800 48.000 0.000 0.000 0.000 0.010 34.800 -12.188
35.280 48.000 -0.000 -0.000 0.000 0.010 35.280 -12.188
35.760 48.000 0.000 0.000 0.000 0.010 35.760 -12.188
36.240 48.000 -0.000 -0.000 0.000 0.010 36.240 -12.188
36.720 48.000 0.000 0.000 0.000 0.010 36.720 -12.188
37.200 48.000 0.000 0.000 0.000 0.010 37.200 -12.188
37.680 48.000 0.000 0.000 0.000 0.010 37.680 -12.188
38.160 48.000 0.000 -0.000 0.000 0.010 38.160 -12.188
38.640 48.000 -0.000 -0.000 0.000 0.010 38.640 -12.188
39.120 48.000 0.000 0.000 0.000 0.010 39.120 -12.188
39.600 48.000 -0.000 -0.000 0.000 0.010 39.600 -12.188
40.080 48.000 0.000 0.000 0.000 0.010 40.080 -12.188
40.560 48.000 0.000 0.000 0.000 0.010 40.560 -12.188
41.040 48.000 -0.000 -0.000 0.000 0.010 41.040 -12.188
41.520 48.000 0.000 0.000 0.000 0.010 41.520 -12.188
42.000 48.000 -0.000 -0.000 0.000 0.010 42.000 -12.188
42.480 48.000 0.000 0.000 0.000 0.010 42.480 -12.188
42.960 48.000 -0.000 -0.000 0.000 0.010 42.960 -12.188
43.440 48.000 0.000 0.000 0.000 0.010 43.440 -12.188
43.920 48.000 -0.000 -0.000 0.000 0.010 43.920 -12.188
44.400 48.000 0.000 0.000 0.000 0.010 44.400 -12.188
44.880 48.000 0.000 0.000 0.000 0.010 44.880 -12.188
45.360 48.000 -0.000 -0.000 0.000 0.010 45.360 -12.188
45.840 48.000 0.000 0.000 0.000 0.010 45.840 -12.188
46.320 48.000 -0.000 -0.000 0.000 0.010 46.320 -12.188
46.800 48.000 0.000 0.000 0.000 0.010 46.800 -12.188
47.280 48.000 -0.000 -0.000 0.000 0.010 47.280 -12.188
47.760 48.000 0.000 0.000 0.000 0.010 47.760 -12.188
48.240 48.000 0.000 0.000 0.000 0.010 48.240 -12.188
48.720 48.000 -0.000 -0.000 0.000 0.010 48.720 -12.188
49.200 48.000 0.000 0.000 0.000 0.010 49.200 -12.188
49.680 48.000 -0.000 -0.000 0.000 0.010 49.680 -12.188
50.160 48.000 0.000 0.000 0.000 0.010 50.160 -12.188
50.640 48.000 -0.000 -0.000 0.000 0.010 50.640 -12.188
51.120 48.000 0.000 0.000 0.000 0.010 51.120 -12.188
51.600 48.000 -0.000 -0.000 0.000 0.010 51.600 -12.188
52.080 48.000 0.000 0.000 0.000 0.010 52.080 -12.188
52.560 48.000 0.000 0.000 0.000 0.010 52.560 -12.188
53.040 48.000 0.000 -0.000 0.000 0.010 53.040 -12.188
53.520 48.000 -0.000 -0.000 0.000 0.010 53.520 -12.188
54.000 48.000 0.000 0.000 0.000 0.010 54.000 -12.188
54.480 48.000 0.000 0.000 0.000 0.010 54.480 -12.188
54.960 48.000 -0.000 -0.000 0.000 0.010 54.960 -12.188
55.440 48.000 0.000 0.000 0.000 0.010 55.440 -12.188
55.920 48.000 0.000 0.000 0.000 0.010 55.920 -12.188
56.400 48.000 -0.000 -0.000 0.000 0.010 56.400 -12.188
56.880 48.000 0.000 0.000 0.000 0.010 56.880 -12.188
57.360 48.000 -0.000 -0.000 0.000 0.010 57.360 -12.188
57.840 48.000 0.000 0.000 0.000 0.010 57.840 -12.188
58.320 48.000 -0.000 -0.000 0.000 0.010 58.320 -12.188
58.800 48.000 0.000 0.000 0.000 0.010 58.800 -12.188
59.280 48.000 -0.000 -0.000 0.000 0.010 59.280 -12.188
59.760 48.000 0.000 0.000 0.000 0.010 59.760 -12.188
60.240 48.000 0.000 0.000 0.000 0.010 60.240 -12.188
60.720 48.000 -0.000 -0.000 0.000 0.010 60.720 -12.188
61.200 48.000 0.000 0.000 0.000 0.010 61.200 -12.188
61.680 48.000 -0.000 -0.000 0.000 0.010 61.680 -12.188
62.160 48.000 0.000 0.000 0.000 0.010 62.160 -12.188
62.640 48.000 -0.000 -0.000 0.000 0.010 62.640 -12.188
63.120 48.000 0.000 0.000 0.000 0.010 63.120 -12.188
63.600 48.000 0.000 0.000 0.000 0.010 63.600 -12.188
64.080 48.000 0.000 0.000 0.000 0.010 64.080 -12.188
64.560 48.000 -0.000 -0.000 0.000 0.010 64.560 -12.188
65.040 48.000 0.000 0.000 0.000 0.010 65.040 -12.188
65.520 48.000 0.000 0.000 0.000 0.010 65.520 -12.188
66.000 48.000 0.000 0.000 0.000 0.010 66.000 -12.188
66.480 48.000 0.000 0.000 0.000 0.010 66.480 -12.188
66.960 48.000 -0.000 -0.000 0.000 0.010 66.960 -12.188
67.440 48.000 0.000 0.000 0.000 0.010 67.440 -12.188
67.920 48.000 0.000 0.000 0.000 0.010 67.920 -12.188
68.400 48.000 0.000 0.000 0.000 0.010 68.400 -12.188
68.880 48.000 -0.000 -0.000 0.000 0.010 68.880 -12.188
69.360 48.000 0.000 0.000 0.000 0.010 69.360 -12.188
69.840 48.000 0.000 0.000 0.000 0.010 69.840 -12.188
70.320 48.000 0.000 0.000 0.000 0.010 70.320 -12.188
70.800 48.000 -0.000 -0.000 0.000 0.010 70.800 -12.188
71.280 48.000 0.000 0.000 0.000 0.010 71.280 -12.188
71.760 48.000 0.000 0.000 0.000 0.010 71.760 -12.188
72.240 48.000 0.000 0.000 0.000 0.010 72.240 -12.188
72.720 48.000 -0.000 -0.000 0.000 0.010 72.720 -12.188
73.200 48.000 0.000 0.000 0.000 0.010 73.200 -12.188
73.680 48.000 0.000 0.000 0.000 0.010 73.680 -12.188
74.160 48.000 0.000 0.000 0.000 0.010 74.160 -12.188
74.640 48.000 0.000 0.000 0.000 0.010 74.640 -12.188
75.120 48.000 -0.000 -0.000 0.000 0.010 75.120 -12.188
75.600 48.000 0.000 0.000 0.000 0.010 75.600 -12.188
76.080 48.000 0.000 0.000 0.000 0.010 76.080 -12.188
76.560 48.000 -0.000 -0.000 0.000 0.010 76.560 -12.188
77.040 48.000 0.000 0.000 0.000 0.010 77.040 -12.188
77.520 48.000 -0.000 -0.000 0.000 0.010 77.520 -12.188
78.000 48.000 0.000 0.000 0.000 0.010 78.000 -12.188
78.480 48.000 0.000 0.000 0.000 0.010 78.480 -12.188
78.960 48.000 0.000 -0.000 0.000 0.010 78.960 -12.188
79.440 48.000 0.000 0.000 0.000 0.010 79.440 -12.188
79.920 48.000 -0.000 -0.000 0.000 0.010 79.920 -12.188
80.400 48.000 0.000 0.000 0.000 0.010 80.400 -12.188
80.880 48.000 -0.000 -0.000 0.000 0.010 80.880 -12.188
81.360 48.000 0.000 0.000 0.000 0.010 81.360 -12.188
81.840 48.000 -0.000 -0.000 0.000 0.010 81.840 -12.188
82.320 48.000 0.000 0.000 0.000 0.010 82.320 -12.188
82.800 48.000 0.000 0.000 0.000 0.010 82.800 -12.188
83.280 48.000 0.000 -0.000 0.000 0.010 83.280 -12.188
83.760 48.000 0.000 0.000 0.000 0.010 83.760 -12.188
84.240 48.000 0.000 0.000 0.000 0.010 84.240 -12.188
84.720 48.000 0.000 0.000 0.000 0.010 84.720 -12.188
85.200 48.000 -0.000 -0.000 0.000 0.010 85.200 -12.188
85.680 48.000 0.000 0.000 0.000 0.010 85.680 -12.188
86.160 48.000 -0.000 -0.000 0.000 0.010 86.160 -12.188
86.640 48.000 0.000 0.000 0.000 0.010 86.640 -12.188
87.120 48.000 -0.000 -0.000 0.000 0.010 87.120 -12.188
87.600 48.000 0.000 0.000 0.000 0.010 87.600 -12.188
88.080 48.000 0.000 0.000 0.000 0.010 88.080 -12.188
88.560 48.000 -0.000 -0.000 0.000 0.010 88.560 -12.188
89.040 48.000 -0.000 0.000 0.000 0.010 89.040 -12.188
89.520 48.000 0.000 0.000 0.000 0.010 89.520 -12.188
90.000 48.000 0.000 0.000 0.000 0.010 90.000 -12.188
90.480 48.000 -0.000 -0.000 0.000 0.010 90.480 -12.188
90.960 48.000 0.000 0.000 0.000 0.010 90.960 -12.188
91.440 48.000 -0.000 -0.000 0.000 0.010 91.440 -12.188
91.920 48.000 0.000 0.000 0.000 0.010 91.920 -12.188
92.400 48.000 -0.000 -0.000 0.000 0.010 92.400 -12.188
92.880 48.000 0.000 0.000 0.000 0.010 92.880 -12.188
93.360 48.000 -0.000 -0.000 0.000 0.010 93.360 -12.188
93.840 48.000 0.000 0.000 0.000 0.010 93.840 -12.188
94.320 48.000 0.000 0.000 0.000 0.010 94.320 -12.188
94.800 48.000 -0.000 -0.000 0.000 0.010 94.800 -12.188
95.280 48.000 0.000 0.000 0.000 0.010 95.280 -12.188
95.760 48.000 -0.000 -0.000 0.000 0.010 95.760 -12.188
96.240 48.000 0.000 0.000 0.000 0.010 96.240 -12.188
96.720 48.000 -0.000 -0.000 0.000 0.010 96.720 -12.188
97.200 48.000 0.000 0.000 0.000 0.010 97.200 -12.188
97.680 48.000 0.000 -0.000 0.000 0.010 97.680 -12.188
98.160 48.000 0.000 0.000 0.000 0.010 98.160 -12.188
98.640 48.000 -0.000 -0.000 0.000 0.010 98.640 -12.188
99.120 48.000 0.000 0.000 0.000 0.010 99.120 -12.188
99.600 48.000 -0.000 -0.000 0.000 0.010 99.600 -12.188
100.080 48.000 0.000 0.000 0.000 0.010 100.080 -12.188
100.560 48.000 -0.000 -0.000 0.000 0.010 100.560 -12.188
101.040 48.000 0.000 0.000 0.000 0.010 101.040 -12.188
101.520 48.000 -0.000 -0.000 0.000 0.010 101.520 -12.188
102.000 48.000 0.000 0.000 0.000 0.010 102.000 -12.188
102.480 48.000 0.000 -0.000 0.000 0.010 102.480 -12.188
102.960 48.000 0.000 0.000 0.000 0.010 102.960 -12.188
103.440 48.000 0.000 0.000 0.000 0.010 103.440 -12.188
103.920 48.000 -0.000 -0.000 0.000 0.010 103.920 -12.188
104.400 48.000 0.000 0.000 0.000 0.010 104.400 -12.188
104.880 48.000 -0.000 -0.000 0.000 0.010 104.880 -12.188
105.360 48.000 0.000 0.000 0.000 0.010 105.360 -12.188
105.840 48.000 -0.000 -0.000 0.000 0.010 105.840 -12.188
106.320 48.000 0.000 0.000 0.000 0.010 106.320 -12.188
106.800 48.000 0.000 -0.000 0.000 0.010 106.800 -12.188
107.280 48.000 0.000 0.000 0.000 0.010 107.280 -12.188
107.760 48.000 -0.000 -0.000 0.000 0.010 107.760 -12.188
108.240 48.000 0.000 0.000 0.000 0.010 108.240 -12.188
108.720 48.000 0.000 0.000 0.000 0.010 108.720 -12.188
109.200 48.000 -0.000 -0.000 0.000 0.010 109.200 -12.188
109.680 48.000 0.000 0.000 0.000 0.010 109.680 -12.188
110.160 48.000 -0.000 -0.000 0.000 0.010 110.160 -12.188
110.640 48.000 0.000 0.000 0.000 0.010 110.640 -12.188
111.120 48.000 -0.000 -0.000 0.000 0.010 111.120 -12.188
111.600 48.000 0.000 0.000 0.000 0.010 111.600 -12.188
112.080 48.000 0.000 -0.000 0.000 0.010 112.080 -12.188
112.560 48.000 -0.000 -0.000 0.000 0.010 112.560 -12.188
113.040 48.000 0.000 0.000 0.000 0.010 113.040 -12.188
113.520 48.000 -0.000 -0.000 0.000 0.010 113.520 -12.188
114.000 48.000 0.000 0.000 0.000 0.010 114.000 -12.188
114.480 48.000 -0.000 -0.000 0.000 0.010 114.480 -12.188
114.960 48.000 0.000 0.000 0.000 0.010 114.960 -12.188
115.440 48.000 -0.000 -0.000 0.000 0.010 115.440 -12.188
115.920 48.000 0.000 0.000 0.000 0.010 115.920 -12.188
116.400 48.000 0.000 -0.000 0.000 0.010 116.400 -12.188
116.880 48.000 0.000 0.000 0.000 0.010 116.880 -12.188
117.360 48.000 -0.000 -0.000 0.000 0.010 117.360 -12.188
117.840 48.000 0.000 0.000 0.000 0.010 117.840 -12.188
118.320 48.000 -0.000 -0.000 0.000 0.010 118.320 -12.188
118.800 48.000 0.000 0.000 0.000 0.010 118.800 -12.188
119.280 48.000 -0.000 -0.000 0.000 0.010 119.280 -12.188
119.760 48.000 0.000 0.000 0.000 0.010 119.760 -12.188
120.240 48.000 -0.000 -0.000 0.000 0.010 120.240 -12.188
120.720 48.000 0.000 0.000 0.000 0.010 120.720 -12.188
121.200 48.000 0.000 -0.000 0.000 0.010 121.200 -12.188
121.680 48.000 0.000 0.000 0.000 0.010 121.680 -12.188
122.160 48.000 0.000 0.000 0.000 0.010 122.160 -12.188
122.640 48.000 -0.000 -0.000 0.000 0.010 122.640 -12.188
123.120 48.000 0.000 0.000 0.000 0.010 123.120 -12.188
123.600 48.000 -0.000 -0.000 0.000 0.010 123.600 -12.188
124.080 48.000 0.000 0.000 0.000 0.010 124.080 -12.188
124.560 48.000 -0.000 -0.000 0.000 0.010 124.560 -12.188
125.040 48.000 0.000 0.000 0.000 0.010 125.040 -12.188
125.520 48.000 0.000 -0.000 0.000 0.010 125.520 -12.188
126.000 48.000 0.000 0.000 0.000 0.010 126.000 -12.188
126.480 48.000 -0.000 -0.000 0.000 0.010 126.480 -12.188
126.960 48.000 0.000 0.000 0.000 0.010 126.960 -12.188
127.440 48.000 0.000 0.000 0.000 0.010 127.440 -12.188
127.920 48.000 -0.000 -0.000 0.000 0.010 127.920 -12.188
128.400 48.000 0.000 0.000 0.000 0.010 128.400 -12.188
128.880 48.000 0.000 0.000 0.000 0.010 128.880 -12.188
129.360 48.000 -0.000 -0.000 0.000 0.010 129.360 -12.188
129.840 48.000 0.000 0.000 0.000 0.010 129.840 -12.188
130.320 48.000 0.000 -0.000 0.000 0.010 130.320 -12.188
130.800 48.000 0.000 0.000 0.000 0.010 130.800 -12.188
131.280 48.000 -0.000 -0.000 0.000 0.010 131.280 -12.188
131.760 48.000 0.000 0.000 0.000 0.010 131.760 -12.188
132.240 48.000 -0.000 -0.000 0.000 0.010 132.240 -12.188
132.720 48.000 -0.000 0.000 0.000 0.010 132.720 -12.188
133.200 48.000 0.000 0.000 0.000 0.010 133.200 -12.188
133.680 48.000 0.000 -0.000 0.000 0.010 133.680 -12.188
134.160 48.000 0.000 0.000 0.000 0.010 134.160 -12.188
134.640 48.000 -0.000 -0.000 0.000 0.010 134.640 -12.188
135.120 48.000 0.000 0.000 0.000 0.010 135.120 -12.188
135.600 48.000 -0.000 -0.000 0.000 0.010 135.600 -12.188
136.080 48.000 -0.000 0.000 0.000 0.010 136.080 -12.188
136.560 48.000 0.000 0.000 0.000 0.010 136.560 -12.188
137.040 48.000 0.000 -0.000 0.000 0.010 137.040 -12.188
137.520 48.000 0.000 0.000 0.000 0.010 137.520 -12.188
138.000 48.000 0.000 0.000 0.000 0.010 138.000 -12.188
138.480 48.000 0.000 0.000 0.000 0.010 138.480 -12.188
138.960 48.000 -0.000 -0.000 0.000 0.010 138.960 -12.188
139.440 48.000 0.000 0.000 0.000 0.010 139.440 -12.188
139.920 48.000 0.000 -0.000 0.000 0.010 139.920 -12.188
140.400 48.000 0.000 0.000 0.000 0.010 140.400 -12.188
140.880 48.000 0.000 0.000 0.000 0.010 140.880 -12.188
141.360 48.000 0.000 0.000 0.000 0.010 141.360 -12.188
141.840 48.000 0.000 0.000 0.000 0.010 141.840 -12.188
142.320 48.000 -0.000 -0.000 0.000 0.010 142.320 -12.188
142.800 48.000 0.000 0.000 0.000 0.010 142.800 -12.188
143.280 48.000 -0.000 -0.000 0.000 0.010 143.280 -12.188
143.760 48.000 0.000 0.000 0.000 0.010 143.760 -12.188
144.240 48.000 0.000 -0.000 0.000 0.010 144.240 -12.188
144.720 48.000 0.000 0.000 0.000 0.010 144.720 -12.188
145.200 48.000 -0.000 -0.000 0.000 0.010 145.200 -12.188
145.680 48.000 0.000 0.000 0.000 0.010 145.680 -12.188
146.160 48.000 0.000 0.000 0.000 0.010 146.160 -12.188
146.640 48.000 -0.000 -0.000 0.000 0.010 146.640 -12.188
147.120 48.000 0.000 0.000 0.000 0.010 147.120 -12.188
147.600 48.000 0.000 -0.000 0.000 0.010 147.600 -12.188
148.080 48.000 0.000 0.000 0.000 0.010 148.080 -12.188
148.560 48.000 -0.000 -0.000 0.000 0.010 148.560 -12.188
149.040 48.000 0.000 0.000 0.000 0.010 149.040 -12.188
149.520 48.000 -0.000 -0.000 0.000 0.010 149.520 -12.188
150.000 48.000 -0.000 0.000 0.000 0.010 150.000 -12.188
150.480 48.000 0.000 0.000 0.000 0.010 150.480 -12.188
150.960 48.000 -0.000 -0.000 0.000 0.010 150.960 -12.188
151.440 48.000 0.000 0.000 0.000 0.010 151.440 -12.188
151.920 48.000 -0.000 -0.000 0.000 0.010 151.920 -12.188
152.400 48.000 0.000 0.000 0.000 0.010 152.400 -12.188
152.880 48.000 0.000 0.000 0.000 0.010 152.880 -12.188
153.360 48.000 -0.000 -0.000 0.000 0.010 153.360 -12.188
153.840 48.000 0.000 0.000 0.000 0.010 153.840 -12.188
154.320 48.000 0.000 -0.000 0.000 0.010 154.320 -12.188
154.800 48.000 0.000 0.000 0.000 0.010 154.800 -12.188
155.280 48.000 0.000 0.000 0.000 0.010 155.280 -12.188
155.760 48.000 -0.000 -0.000 0.000 0.010 155.760 -12.188
156.240 48.027 2.711 271.119 0.000 0.010 156.240 -12.187
156.722 48.217 18.980 1626.882 0.000 0.010 156.722 -12.187
157.207 48.434 21.694 271.447 0.001 0.010 157.207 -12.187
157.693 48.651 21.696 0.142 0.001 0.010 157.693 -12.187
158.182 48.868 21.695 -0.075 0.002 0.010 158.182 -12.186
158.673 49.085 21.692 -0.307 0.003 0.010 158.673 -12.185
159.166 49.302 21.686 -0.559 0.004 0.010 159.166 -12.184
159.661 49.518 21.678 -0.834 0.005 0.010 159.661 -12.181
160.158 49.735 21.667 -1.139 0.006 0.010 160.158 -12.179
160.658 49.952 21.652 -1.478 0.008 0.010 160.658 -12.175
161.160 50.168 21.633 -1.856 0.010 0.010 161.160 -12.170
161.663 50.384 21.611 -2.279 0.012 0.010 161.663 -12.165
162.169 50.600 21.583 -2.750 0.014 0.010 162.169 -12.159
162.678 50.815 21.550 -3.276 0.016 0.010 162.677 -12.151
163.188 51.030 21.512 -3.861 0.019 0.010 163.188 -12.142
163.700 51.245 21.467 -4.509 0.021 0.010 163.700 -12.132
164.215 51.459 21.414 -5.226 0.024 0.010 164.214 -12.120
164.732 51.673 21.354 -6.016 0.027 0.010 164.731 -12.107
165.250 51.886 21.285 -6.884 0.030 0.010 165.250 -12.092
165.771 52.098 21.207 -7.833 0.034 0.010 165.770 -12.075
166.295 52.309 21.118 -8.868 0.037 0.010 166.293 -12.057
166.820 52.519 21.018 -9.994 0.041 0.010 166.818 -12.036
167.347 52.728 20.906 -11.212 0.045 0.010 167.345 -12.013
167.876 52.936 20.781 -12.527 0.049 0.010 167.873 -11.989
168.408 53.142 20.642 -13.942 0.053 0.010 168.404 -11.961
168.941 53.347 20.487 -15.458 0.058 0.010 168.937 -11.932
169.477 53.550 20.316 -17.079 0.062 0.010 169.471 -11.900
170.014 53.752 20.128 -18.805 0.067 0.010 170.008 -11.865
170.554 53.951 19.922 -20.638 0.072 0.010 170.546 -11.828
171.095 54.148 19.696 -22.577 0.077 0.010 171.086 -11.788
171.639 54.342 19.450 -24.623 0.082 0.010 171.628 -11.745
172.184 54.534 19.182 -26.774 0.087 0.010 172.171 -11.699
172.731 54.723 18.892 -29.028 0.093 0.010 172.716 -11.649
173.280 54.909 18.578 -31.384 0.098 0.010 173.263 -11.597
173.831 55.091 18.240 -33.835 0.104 0.010 173.811 -11.541
174.384 55.270 17.876 -36.380 0.110 0.010 174.360 -11.482
174.938 55.445 17.486 -39.012 0.116 0.010 174.911 -11.419
175.495 55.616 17.068 -41.724 0.123 0.010 175.463 -11.353
176.052 55.782 16.623 -44.509 0.129 0.010 176.017 -11.283
176.612 55.943 16.150 -47.358 0.136 0.010 176.571 -11.209
177.173 56.100 15.647 -50.262 0.142 0.010 177.127 -11.132
177.735 56.251 15.115 -53.210 0.149 0.010 177.683 -11.050
178.299 56.396 14.553 -56.191 0.156 0.010 178.241 -10.964
178.865 56.536 13.961 -59.193 0.163 0.010 178.799 -10.875
179.431 56.669 13.339 -62.202 0.170 0.010 179.358 -10.781
179.999 56.796 12.687 -65.205 0.177 0.010 179.917 -10.683
180.568 56.916 12.005 -68.186 0.184 0.010 180.477 -10.580
181.139 57.029 11.294 -71.132 0.192 0.010 181.038 -10.474
181.710 57.135 10.554 -74.027 0.199 0.010 181.598 -10.363
182.282 57.233 9.785 -76.854 0.207 0.010 182.159 -10.247
182.856 57.323 8.989 -79.599 0.215 0.010 182.719 -10.127
183.430 57.404 8.167 -82.246 0.222 0.010 183.279 -10.003
184.004 57.477 7.319 -84.780 0.230 0.010 183.840 -9.874
184.580 57.542 6.447 -87.186 0.238 0.010 184.399 -9.740
185.156 57.597 5.553 -89.450 0.246 0.010 184.959 -9.603
185.732 57.644 4.637 -91.559 0.254 0.010 185.517 -9.460
186.309 57.681 3.702 -93.500 0.262 0.010 186.075 -9.313
186.886 57.708 2.749 -95.264 0.270 0.010 186.632 -9.162
187.463 57.726 1.781 -96.841 0.278 0.010 187.187 -9.006
188.041 57.734 0.799 -98.222 0.286 0.010 187.742 -8.845
188.618 57.732 -0.195 -99.402 0.294 0.010 188.295 -8.680
189.195 57.720 -1.199 -100.377 0.302 0.010 188.847 -8.511
189.772 57.698 -2.211 -101.144 0.310 0.010 189.397 -8.337
190.349 57.666 -3.228 -101.702 0.317 0.010 189.946 -8.160
190.925 57.623 -4.248 -102.054 0.325 0.010 190.493 -7.978
191.501 57.571 -5.270 -102.202 0.333 0.010 191.037 -7.791
192.076 57.508 -6.292 -102.153 0.341 0.010 191.580 -7.601
192.650 57.435 -7.311 -101.913 0.349 0.010 192.121 -7.407
193.224 57.351 -8.326 -101.492 0.356 0.010 192.659 -7.209
193.796 57.258 -9.335 -100.902 0.364 0.010 193.195 -7.007
194.368 57.155 -10.336 -100.154 0.372 0.010 193.728 -6.802
194.938 57.041 -11.329 -99.264 0.379 0.010 194.259 -6.593
195.508 56.918 -12.311 -98.246 0.386 0.010 194.787 -6.380
196.075 56.785 -13.282 -97.118 0.393 0.010 195.312 -6.164
196.642 56.643 -14.241 -95.898 0.401 0.010 195.834 -5.945
197.207 56.491 -15.188 -94.604 0.408 0.010 196.354 -5.723
197.770 56.330 -16.120 -93.255 0.414 0.010 196.870 -5.498
198.332 56.160 -17.039 -91.871 0.421 0.010 197.384 -5.270
198.891 55.980 -17.944 -90.473 0.428 0.010 197.894 -5.040
199.449 55.792 -18.834 -89.081 0.434 0.010 198.401 -4.807
200.005 55.595 -19.711 -87.715 0.440 0.010 198.904 -4.571
200.559 55.389 -20.575 -86.396 0.446 0.010 199.405 -4.334
201.111 55.175 -21.427 -85.143 0.452 0.010 199.902 -4.094
201.660 54.952 -22.267 -83.977 0.458 0.010 200.395 -3.853
202.208 54.721 -23.096 -82.917 0.463 0.010 200.885 -3.609
202.753 54.482 -23.916 -81.981 0.469 0.010 201.372 -3.365
203.295 54.235 -24.727 -81.188 0.474 0.010 201.855 -3.118
203.835 53.979 -25.533 -80.556 0.479 0.010 202.335 -2.871
204.372 53.716 -26.334 -80.102 0.483 0.010 202.811 -2.622
204.906 53.445 -27.132 -79.843 0.488 0.010 203.284 -2.373
205.438 53.165 -27.930 -79.794 0.492 0.010 203.753 -2.123
205.967 52.878 -28.730 -79.971 0.496 0.010 204.218 -1.872
206.493 52.583 -29.534 -80.390 0.500 0.010 204.680 -1.621
207.015 52.279 -30.345 -81.065 0.503 0.010 205.139 -1.369
207.535 51.968 -31.165 -82.009 0.507 0.010 205.594 -1.118
208.051 51.648 -31.997 -83.236 0.510 0.010 206.045 -0.866
208.565 51.319 -32.845 -84.761 0.512 0.010 206.492 -0.615
209.074 50.982 -33.711 -86.594 0.515 0.010 206.936 -0.365
209.581 50.636 -34.598 -88.750 0.517 0.010 207.377 -0.115
210.084 50.281 -35.511 -91.239 0.519 0.010 207.814 0.134
210.583 49.916 -36.451 -94.075 0.520 0.010 208.247 0.382
211.078 49.542 -37.424 -97.267 0.522 0.010 208.677 0.628
211.570 49.158 -38.432 -100.828 0.523 0.010 209.103 0.874
212.057 48.763 -39.480 -104.767 0.523 0.010 209.525 1.117
212.541 48.357 -40.571 -109.094 0.524 0.010 209.944 1.359
213.022 48.089 -26.824 1374.649 0.524 0.010 210.360 1.599
213.505 48.342 25.296 5212.012 0.524 0.010 210.779 1.841
213.992 48.636 29.445 414.893 0.524 0.010 211.200 2.085
214.481 48.926 28.932 -51.221 0.525 0.010 211.624 2.330
214.973 49.210 28.437 -49.548 0.526 0.010 212.049 2.577
215.468 49.490 27.957 -48.010 0.527 0.010 212.477 2.825
215.966 49.765 27.491 -46.609 0.529 0.010 212.907 3.076
216.466 50.035 27.037 -45.344 0.531 0.010 213.339 3.329
216.969 50.301 26.595 -44.217 0.532 0.010 213.772 3.584
217.475 50.563 26.163 -43.227 0.535 0.010 214.208 3.841
217.983 50.820 25.739 -42.374 0.537 0.010 214.645 4.100
218.494 51.073 25.323 -41.659 0.539 0.010 215.083 4.362
219.007 51.322 24.912 -41.080 0.542 0.010 215.523 4.626
219.522 51.567 24.505 -40.637 0.545 0.010 215.965 4.893
220.040 51.808 24.102 -40.328 0.548 0.010 216.407 5.162
220.561 52.045 23.701 -40.153 0.551 0.010 216.851 5.434
221.084 52.278 23.299 -40.109 0.555 0.010 217.296 5.709
221.609 52.507 22.898 -40.195 0.559 0.010 217.742 5.986
222.136 52.732 22.493 -40.410 0.563 0.010 218.188 6.267
222.666 52.953 22.086 -40.749 0.567 0.010 218.635 6.550
223.197 53.170 21.674 -41.210 0.571 0.010 219.083 6.837
223.731 53.382 21.256 -41.791 0.575 0.010 219.532 7.126
224.267 53.591 20.831 -42.488 0.580 0.010 219.981 7.419
224.805 53.795 20.398 -43.296 0.585 0.010 220.430 7.714
225.345 53.994 19.956 -44.211 0.590 0.010 220.880 8.014
225.887 54.189 19.504 -45.228 0.595 0.010 221.330 8.316
226.431 54.380 19.040 -46.342 0.600 0.010 221.779 8.622
226.976 54.565 18.565 -47.546 0.605 0.010 222.229 8.931
227.524 54.746 18.076 -48.835 0.611 0.010 222.678 9.244
228.073 54.922 17.574 -50.200 0.616 0.010 223.127 9.560
228.624 55.093 17.058 -51.635 0.622 0.010 223.576 9.880
229.177 55.258 16.527 -53.132 0.628 0.010 224.024 10.203
229.731 55.418 15.980 -54.681 0.634 0.010 224.471 10.530
230.286 55.572 15.417 -56.274 0.641 0.010 224.918 10.861
230.844 55.720 14.838 -57.901 0.647 0.010 225.363 11.195
231.402 55.863 14.243 -59.552 0.653 0.010 225.808 11.533
231.962 55.999 13.631 -61.217 0.660 0.010 226.252 11.875
232.524 56.129 13.002 -62.886 0.667 0.010 226.694 12.221
233.086 56.252 12.356 -64.546 0.673 0.010 227.135 12.570
233.650 56.369 11.694 -66.188 0.680 0.010 227.574 12.923
234.215 56.480 11.016 -67.800 0.687 0.010 228.012 13.280
234.780 56.583 10.323 -69.370 0.694 0.010 228.448 13.640
235.347 56.679 9.614 -70.888 0.701 0.010 228.883 14.005
235.915 56.768 8.890 -72.343 0.709 0.010 229.315 14.372
236.483 56.849 8.153 -73.724 0.716 0.010 229.745 14.744
237.053 56.923 7.403 -75.021 0.723 0.010 230.174 15.119
237.622 56.990 6.641 -76.224 0.730 0.010 230.600 15.498
238.193 57.048 5.867 -77.324 0.738 0.010 231.023 15.880
238.764 57.099 5.084 -78.312 0.745 0.010 231.444 16.266
239.335 57.142 4.292 -79.181 0.753 0.010 231.863 16.655
239.907 57.177 3.493 -79.924 0.760 0.010 232.278 17.047
240.479 57.204 2.688 -80.534 0.768 0.010 232.691 17.443
241.051 57.223 1.878 -81.008 0.776 0.010 233.101 17.842
241.624 57.233 1.064 -81.341 0.783 0.010 233.509 18.244
242.196 57.236 0.249 -81.530 0.791 0.010 233.913 18.650
242.768 57.230 -0.567 -81.575 0.798 0.010 234.314 19.058
243.341 57.216 -1.381 -81.474 0.806 0.010 234.711 19.469
243.912 57.195 -2.194 -81.228 0.813 0.010 235.106 19.883
244.484 57.165 -3.002 -80.840 0.821 0.010 235.497 20.300
245.055 57.126 -3.805 -80.313 0.828 0.010 235.885 20.720
245.626 57.080 -4.602 -79.650 0.836 0.010 236.269 21.142
246.196 57.027 -5.390 -78.858 0.843 0.010 236.650 21.566
246.766 56.965 -6.170 -77.941 0.851 0.010 237.027 21.993
247.335 56.895 -6.939 -76.909 0.858 0.010 237.401 22.422
247.903 56.819 -7.696 -75.768 0.865 0.010 237.771 22.853
248.471 56.734 -8.442 -74.527 0.872 0.010 238.138 23.286
249.037 56.642 -9.174 -73.196 0.879 0.010 238.500 23.721
249.602 56.543 -9.892 -71.785 0.886 0.010 238.859 24.158
250.167 56.437 -10.595 -70.304 0.893 0.010 239.215 24.597
250.730 56.325 -11.282 -68.764 0.900 0.010 239.566 25.037
251.292 56.205 -11.954 -67.176 0.907 0.010 239.914 25.478
251.853 56.079 -12.609 -65.552 0.913 0.010 240.258 25.921
252.412 55.941 -13.821 -121.131 0.920 0.010 240.599 26.365
252.970 55.768 -17.303 -348.253 0.926 0.010 240.935 26.810
253.525 55.543 -22.457 -515.342 0.933 0.010 241.267 27.255
254.078 55.268 -27.541 -508.431 0.939 0.010 241.595 27.700
254.628 54.942 -32.552 -501.112 0.945 0.010 241.918 28.144
255.173 54.567 -37.487 -493.435 0.951 0.010 242.237 28.587
255.715 54.144 -42.341 -485.454 0.956 0.010 242.550 29.029
256.251 53.673 -47.113 -477.221 0.962 0.010 242.858 29.468
256.783 53.155 -51.801 -468.787 0.967 0.010 243.161 29.905
257.309 52.591 -56.403 -460.200 0.972 0.010 243.459 30.339
257.829 51.982 -60.918 -451.508 0.977 0.010 243.750 30.769
258.342 51.328 -65.346 -442.757 0.982 0.010 244.036 31.195
258.848 50.631 -69.686 -433.988 0.987 0.010 244.317 31.617
259.347 49.892 -73.938 -425.242 0.991 0.010 244.591 32.033
259.838 49.111 -78.104 -416.556 0.995 0.010 244.859 32.445
260.321 48.289 -82.183 -407.966 0.999 0.010 245.121 32.851
260.795 47.427 -86.178 -399.503 1.003 0.010 245.377 33.250
261.261 46.526 -90.090 -391.201 1.007 0.010 245.626 33.643
261.717 45.587 -93.921 -383.086 1.010 0.010 245.869 34.028
262.163 44.610 -97.673 -375.189 1.013 0.010 246.106 34.407
262.599 43.597 -101.348 -367.535 1.016 0.010 246.336 34.777
263.024 42.547 -104.950 -360.152 1.019 0.010 246.559 35.139
263.439 41.463 -108.481 -353.065 1.022 0.010 246.776 35.492
263.842 40.343 -111.944 -346.302 1.024 0.010 246.986 35.837
264.234 39.190 -115.343 -339.888 1.027 0.010 247.190 36.172
264.614 38.003 -118.681 -333.852 1.029 0.010 247.386 36.497
264.982 36.783 -121.963 -328.222 1.031 0.010 247.575 36.813
265.337 35.537 -124.670 -270.709 1.033 0.010 247.758 37.117
265.680 34.284 -125.242 -57.153 1.034 0.010 247.933 37.412
266.011 33.042 -124.236 100.561 1.036 0.010 248.102 37.696
266.329 31.809 -123.245 99.103 1.037 0.010 248.264 37.970
266.635 30.587 -122.271 97.468 1.038 0.010 248.419 38.233
266.928 29.374 -121.314 95.663 1.040 0.010 248.568 38.486
267.210 28.170 -120.377 93.696 1.041 0.010 248.711 38.729
267.480 26.975 -119.461 91.574 1.041 0.010 248.847 38.962
267.738 25.790 -118.568 89.300 1.042 0.010 248.977 39.185
267.984 24.613 -117.699 86.881 1.043 0.010 249.101 39.397
268.218 23.444 -116.856 84.320 1.044 0.010 249.219 39.600
268.441 22.284 -116.040 81.621 1.044 0.010 249.331 39.793
268.652 21.131 -115.252 78.787 1.045 0.010 249.438 39.975
268.852 19.986 -114.494 75.823 1.045 0.010 249.538 40.148
269.041 18.848 -113.767 72.732 1.045 0.010 249.633 40.311
269.218 17.718 -113.071 69.518 1.046 0.010 249.721 40.465
269.384 16.594 -112.410 66.184 1.046 0.010 249.805 40.608
269.539 15.476 -111.782 62.735 1.046 0.010 249.882 40.742
269.682 14.369 -110.691 109.090 1.046 0.010 249.954 40.866
269.815 13.293 -107.638 305.335 1.047 0.010 250.021 40.981
269.938 12.261 -103.135 450.271 1.047 0.010 250.082 41.088
270.051 11.274 -98.691 444.406 1.047 0.010 250.138 41.185
270.154 10.331 -94.302 438.928 1.047 0.010 250.190 41.275
270.248 9.432 -89.964 433.834 1.047 0.010 250.237 41.356
270.334 8.575 -85.672 429.120 1.047 0.010 250.280 41.431
270.412 7.761 -81.425 424.777 1.047 0.010 250.319 41.498
270.481 6.988 -77.217 420.798 1.047 0.010 250.354 41.558
270.544 6.258 -73.045 417.173 1.047 0.010 250.385 41.613
270.600 5.569 -68.906 413.891 1.047 0.010 250.413 41.661
270.649 4.921 -64.797 410.939 1.047 0.010 250.438 41.703
270.692 4.314 -60.714 408.304 1.047 0.010 250.459 41.741
270.729 3.747 -56.654 405.970 1.047 0.010 250.478 41.773
270.762 3.221 -52.615 403.923 1.047 0.010 250.494 41.801
270.789 2.735 -48.593 402.145 1.047 0.010 250.508 41.825
270.812 2.289 -44.587 400.620 1.047 0.010 250.519 41.845
270.831 1.883 -40.594 399.329 1.047 0.010 250.529 41.861
270.846 1.517 -36.611 398.254 1.047 0.010 250.536 41.874
270.858 1.191 -32.637 397.377 1.047 0.010 250.542 41.884
270.867 0.904 -28.671 396.676 1.047 0.010 250.547 41.892
270.873 0.657 -24.709 396.134 1.047 0.010 250.550 41.898
270.878 0.450 -20.752 395.730 1.047 0.010 250.552 41.902
270.881 0.282 -16.798 395.443 1.047 0.010 250.554 41.904
270.882 0.153 -12.845 395.254 1.047 0.010 250.554 41.906
270.883 0.064 -8.894 395.141 1.047 0.010 250.555 41.906
270.883 0.015 -4.943 395.085 1.047 0.010 250.555 41.906
270.883 0.000 -1.484 345.904 1.047 0.010 250.555 41.906
