Position4ToCenterPath
177
0.000 0.040 3.951 395.062 0.000 0.010 0.000 12.188
0.001 0.079 3.951 0.000 0.000 0.010 0.001 12.188
0.003 0.178 9.877 592.593 0.000 0.010 0.003 12.188
0.006 0.316 13.827 395.062 0.000 0.010 0.006 12.188
0.011 0.494 17.778 395.062 0.000 0.010 0.011 12.188
0.018 0.711 21.728 395.062 0.000 0.010 0.018 12.188
0.028 0.968 25.679 395.062 0.000 0.010 0.028 12.188
0.040 1.264 29.630 395.062 0.000 0.010 0.040 12.188
0.056 1.600 33.580 395.062 0.000 0.010 0.056 12.188
0.076 1.975 37.531 395.062 0.000 0.010 0.076 12.188
0.100 2.390 41.481 395.062 0.000 0.010 0.100 12.188
0.128 2.844 45.432 395.062 0.000 0.010 0.128 12.188
0.162 3.338 49.383 395.062 0.000 0.010 0.162 12.188
0.200 3.872 53.333 395.062 0.000 0.010 0.200 12.188
0.245 4.444 57.284 395.062 0.000 0.010 0.245 12.188
0.296 5.057 61.235 395.062 0.000 0.010 0.296 12.188
0.353 5.709 65.185 395.062 0.000 0.010 0.353 12.188
0.417 6.400 69.136 395.062 0.000 0.010 0.417 12.188
0.488 7.131 73.086 395.062 0.000 0.010 0.488 12.188
0.567 7.901 77.037 395.062 0.000 0.010 0.567 12.188
0.654 8.711 80.988 395.062 0.000 0.010 0.654 12.188
0.750 9.560 84.938 395.062 0.000 0.010 0.750 12.188
0.854 10.449 88.889 395.062 0.000 0.010 0.854 12.188
0.968 11.378 92.840 395.062 0.000 0.010 0.968 12.188
1.091 12.346 96.790 395.062 0.000 0.010 1.091 12.188
1.225 13.353 100.741 395.062 0.000 0.010 1.225 12.188
1.369 14.400 104.691 395.062 0.000 0.010 1.369 12.188
1.524 15.467 106.667 197.531 0.000 0.010 1.524 12.188
1.689 16.533 106.667 -0.000 0.000 0.010 1.689 12.188
1.865 17.600 106.667 0.000 0.000 0.010 1.865 12.188
2.052 18.667 106.667 0.000 0.000 0.010 2.052 12.188
2.249 19.733 106.667 0.000 0.000 0.010 2.249 12.188
2.457 20.800 106.667 0.000 0.000 0.010 2.457 12.188
2.676 21.867 106.667 -0.000 0.000 0.010 2.676 12.188
2.905 22.933 106.667 0.000 0.000 0.010 2.905 12.188
3.145 24.000 106.667 0.000 0.000 0.010 3.145 12.188
3.396 25.067 106.667 0.000 0.000 0.010 3.396 12.188
3.657 26.133 106.667 -0.000 0.000 0.010 3.657 12.188
3.929 27.200 106.667 0.000 0.000 0.010 3.929 12.188
4.212 28.267 106.667 0.000 0.000 0.010 4.212 12.188
4.505 29.333 106.667 -0.000 0.000 0.010 4.505 12.188
4.809 30.400 106.667 0.000 0.000 0.010 4.809 12.188
5.124 31.467 106.667 -0.000 0.000 0.010 5.124 12.188
5.449 32.533 106.667 -0.000 0.000 0.010 5.449 12.188
5.785 33.600 106.667 0.000 0.000 0.010 5.785 12.188
6.131 34.647 104.691 -197.531 0.000 0.010 6.131 12.188
6.488 35.654 100.741 -395.062 0.000 0.010 6.488 12.188
6.854 36.622 96.790 -395.062 0.000 0.010 6.854 12.188
7.230 37.551 92.840 -395.062 0.000 0.010 7.230 12.188
7.614 38.440 88.889 -395.062 0.000 0.010 7.614 12.188
8.007 39.289 84.938 -395.062 0.000 0.010 8.007 12.188
8.408 40.099 80.988 -395.062 0.000 0.010 8.408 12.188
8.817 40.869 77.037 -395.062 0.000 0.010 8.817 12.188
9.233 41.600 73.086 -395.062 0.000 0.010 9.233 12.188
9.656 42.291 69.136 -395.062 0.000 0.010 9.656 12.188
10.085 42.943 65.185 -395.062 0.000 0.010 10.085 12.188
10.520 43.556 61.235 -395.062 0.000 0.010 10.520 12.188
10.962 44.128 57.284 -395.062 0.000 0.010 10.962 12.188
11.408 44.662 53.333 -395.062 0.000 0.010 11.408 12.188
11.860 45.156 49.383 -395.062 0.000 0.010 11.860 12.188
12.316 45.610 45.432 -395.062 0.000 0.010 12.316 12.188
12.776 46.025 41.481 -395.062 0.000 0.010 12.776 12.188
13.240 46.400 37.531 -395.062 0.000 0.010 13.240 12.188
13.708 46.736 33.580 -395.062 0.000 0.010 13.708 12.188
14.178 47.032 29.630 -395.062 0.000 0.010 14.178 12.188
14.651 47.289 25.679 -395.062 0.000 0.010 14.651 12.188
15.126 47.506 21.728 -395.062 0.000 0.010 15.126 12.188
15.603 47.684 17.778 -395.062 0.000 0.010 15.603 12.188
16.081 47.822 13.827 -395.062 0.000 0.010 16.081 12.188
16.560 47.921 9.877 -395.062 0.000 0.010 16.560 12.188
17.040 47.980 5.926 -395.062 0.000 0.010 17.040 12.188
17.520 48.000 1.975 -395.062 0.000 0.010 17.520 12.188
18.000 48.000 0.000 -197.531 0.000 0.010 18.000 12.188
18.480 48.000 0.000 0.000 0.000 0.010 18.480 12.188
18.960 48.000 0.000 0.000 0.000 0.010 18.960 12.188
19.440 48.000 0.000 0.000 0.000 0.010 19.440 12.188
19.920 48.000 -0.000 -0.000 0.000 0.010 19.920 12.188
20.400 48.000 0.000 0.000 0.000 0.010 20.400 12.188
20.880 48.000 0.000 0.000 0.000 0.010 20.880 12.188
21.360 48.000 -0.000 -0.000 0.000 0.010 21.360 12.188
21.840 48.000 0.000 0.000 0.000 0.010 21.840 12.188
22.320 48.000 -0.000 -0.000 0.000 0.010 22.320 12.188
22.800 48.000 0.000 0.000 0.000 0.010 22.800 12.188
23.280 48.000 0.000 -0.000 0.000 0.010 23.280 12.188
23.760 48.000 0.000 0.000 0.000 0.010 23.760 12.188
24.240 48.000 0.000 0.000 0.000 0.010 24.240 12.188
24.720 48.000 0.000 0.000 0.000 0.010 24.720 12.188
25.200 48.000 0.000 0.000 0.000 0.010 25.200 12.188
25.680 48.000 0.000 0.000 0.000 0.010 25.680 12.188
26.160 48.000 0.000 -0.000 0.000 0.010 26.160 12.188
26.640 48.000 0.000 0.000 0.000 0.010 26.640 12.188
27.120 48.000 -0.000 -0.000 0.000 0.010 27.120 12.188
27.600 48.000 0.000 0.000 0.000 0.010 27.600 12.188
28.080 48.000 -0.000 -0.000 0.000 0.010 28.080 12.188
28.560 48.000 0.000 0.000 0.000 0.010 28.560 12.188
29.040 48.000 0.000 0.000 0.000 0.010 29.040 12.188
29.520 48.000 -0.000 -0.000 0.000 0.010 29.520 12.188
30.000 48.000 0.000 0.000 0.000 0.010 30.000 12.188
30.480 48.000 -0.000 -0.000 0.000 0.010 30.480 12.188
30.960 48.000 0.000 0.000 0.000 0.010 30.960 12.188
31.440 48.000 0.000 -0.000 0.000 0.010 31.440 12.188
31.920 48.000 0.000 0.000 0.000 0.010 31.920 12.188
32.400 48.000 -0.000 -0.000 0.000 0.010 32.400 12.188
32.880 48.000 -0.000 0.000 0.000 0.010 32.880 12.188
33.360 47.984 -1.646 -164.609 0.000 0.010 33.360 12.188
33.839 47.931 -5.267 -362.140 0.000 0.010 33.839 12.188
34.318 47.839 -9.218 -395.062 0.000 0.010 34.318 12.188
34.795 47.707 -13.169 -395.062 0.000 0.010 34.795 12.188
35.270 47.536 -17.119 -395.062 0.000 0.010 35.270 12.188
35.743 47.325 -21.070 -395.062 0.000 0.010 35.743 12.188
36.214 47.075 -25.021 -395.062 0.000 0.010 36.214 12.188
36.682 46.785 -28.971 -395.062 0.000 0.010 36.682 12.188
37.146 46.456 -32.922 -395.062 0.000 0.010 37.146 12.188
37.607 46.087 -36.872 -395.062 0.000 0.010 37.607 12.188
38.064 45.679 -40.823 -395.062 0.000 0.010 38.064 12.188
38.516 45.231 -44.774 -395.062 0.000 0.010 38.516 12.188
38.964 44.744 -48.724 -395.062 0.000 0.010 38.964 12.188
39.406 44.217 -52.675 -395.062 0.000 0.010 39.406 12.188
39.842 43.651 -56.626 -395.062 0.000 0.010 39.842 12.188
40.273 43.045 -60.576 -395.062 0.000 0.010 40.273 12.188
40.697 42.400 -64.527 -395.062 0.000 0.010 40.697 12.188
41.114 41.715 -68.477 -395.062 0.000 0.010 41.114 12.188
41.524 40.991 -72.428 -395.062 0.000 0.010 41.524 12.188
41.926 40.227 -76.379 -395.062 0.000 0.010 41.926 12.188
42.320 39.424 -80.329 -395.062 0.000 0.010 42.320 12.188
42.706 38.581 -84.280 -395.062 0.000 0.010 42.706 12.188
43.083 37.699 -88.230 -395.062 0.000 0.010 43.083 12.188
43.451 36.777 -92.181 -395.062 0.000 0.010 43.451 12.188
43.809 35.816 -96.132 -395.062 0.000 0.010 43.809 12.188
44.157 34.815 -100.082 -395.062 0.000 0.010 44.157 12.188
44.495 33.774 -104.033 -395.062 0.000 0.010 44.495 12.188
44.822 32.711 -106.337 -230.453 0.000 0.010 44.822 12.188
45.139 31.644 -106.667 -32.922 0.000 0.010 45.139 12.188
45.444 30.578 -106.667 -0.000 0.000 0.010 45.444 12.188
45.740 29.511 -106.667 0.000 0.000 0.010 45.740 12.188
46.024 28.444 -106.667 0.000 0.000 0.010 46.024 12.188
46.298 27.378 -106.667 -0.000 0.000 0.010 46.298 12.188
46.561 26.311 -106.667 0.000 0.000 0.010 46.561 12.188
46.813 25.244 -106.667 -0.000 0.000 0.010 46.813 12.188
47.055 24.178 -106.667 0.000 0.000 0.010 47.055 12.188
47.286 23.111 -106.667 0.000 0.000 0.010 47.286 12.188
47.507 22.044 -106.667 0.000 0.000 0.010 47.507 12.188
47.716 20.978 -106.667 -0.000 0.000 0.010 47.716 12.188
47.916 19.911 -106.667 0.000 0.000 0.010 47.916 12.188
48.104 18.844 -106.667 0.000 0.000 0.010 48.104 12.188
48.282 17.778 -106.667 -0.000 0.000 0.010 48.282 12.188
48.449 16.711 -106.667 0.000 0.000 0.010 48.449 12.188
48.605 15.644 -106.667 0.000 0.000 0.010 48.605 12.188
48.751 14.578 -106.667 0.000 0.000 0.010 48.751 12.188
48.886 13.528 -105.021 164.609 0.000 0.010 48.886 12.188
49.012 12.514 -101.399 362.140 0.000 0.010 49.012 12.188
49.127 11.539 -97.449 395.062 0.000 0.010 49.127 12.188
49.233 10.604 -93.498 395.062 0.000 0.010 49.233 12.188
49.330 9.709 -89.547 395.062 0.000 0.010 49.330 12.188
49.419 8.853 -85.597 395.062 0.000 0.010 49.419 12.188
49.499 8.036 -81.646 395.062 0.000 0.010 49.499 12.188
49.572 7.259 -77.695 395.062 0.000 0.010 49.572 12.188
49.637 6.522 -73.745 395.062 0.000 0.010 49.637 12.188
49.695 5.824 -69.794 395.062 0.000 0.010 49.695 12.188
49.747 5.165 -65.844 395.062 0.000 0.010 49.747 12.188
49.792 4.547 -61.893 395.062 0.000 0.010 49.792 12.188
49.832 3.967 -57.942 395.062 0.000 0.010 49.832 12.188
49.866 3.427 -53.992 395.062 0.000 0.010 49.866 12.188
49.895 2.927 -50.041 395.062 0.000 0.010 49.895 12.188
49.920 2.466 -46.091 395.062 0.000 0.010 49.920 12.188
49.940 2.044 -42.140 395.062 0.000 0.010 49.940 12.188
49.957 1.663 -38.189 395.062 0.000 0.010 49.957 12.188
49.970 1.320 -34.239 395.062 0.000 0.010 49.970 12.188
49.980 1.017 -30.288 395.062 0.000 0.010 49.980 12.188
49.988 0.754 -26.337 395.062 0.000 0.010 49.988 12.188
49.993 0.530 -22.387 395.062 0.000 0.010 49.993 12.188
49.997 0.346 -18.436 395.062 0.000 0.010 49.997 12.188
49.999 0.201 -14.486 395.062 0.000 0.010 49.999 12.188
50.000 0.095 -10.535 395.062 0.000 0.010 50.000 12.188
50.000 0.030 -6.584 395.062 0.000 0.010 50.000 12.188
50.000 0.003 -2.634 395.062 0.000 0.010 50.000 12.188
50.000 0.000 -0.329 230.453 0.000 0.010 50.000 12.188
0.000 0.040 3.951 395.062 0.000 0.010 0.000 -12.188
0.001 0.079 3.951 0.000 0.000 0.010 0.001 -12.188
0.003 0.178 9.877 592.593 0.000 0.010 0.003 -12.188
0.006 0.316 13.827 395.062 0.000 0.010 0.006 -12.188
0.011 0.494 17.778 395.062 0.000 0.010 0.011 -12.188
0.018 0.711 21.728 395.062 0.000 0.010 0.018 -12.188
0.028 0.968 25.679 395.062 0.000 0.010 0.028 -12.188
0.040 1.264 29.630 395.062 0.000 0.010 0.040 -12.188
0.056 1.600 33.580 395.062 0.000 0.010 0.056 -12.188
0.076 1.975 37.531 395.062 0.000 0.010 0.076 -12.188
0.100 2.390 41.481 395.062 0.000 0.010 0.100 -12.188
0.128 2.844 45.432 395.062 0.000 0.010 0.128 -12.188
0.162 3.338 49.383 395.062 0.000 0.010 0.162 -12.188
0.200 3.872 53.333 395.062 0.000 0.010 0.200 -12.188
0.245 4.444 57.284 395.062 0.000 0.010 0.245 -12.188
0.296 5.057 61.235 395.062 0.000 0.010 0.296 -12.188
0.353 5.709 65.185 395.062 0.000 0.010 0.353 -12.188
0.417 6.400 69.136 395.062 0.000 0.010 0.417 -12.188
0.488 7.131 73.086 395.062 0.000 0.010 0.488 -12.188
0.567 7.901 77.037 395.062 0.000 0.010 0.567 -12.188
0.654 8.711 80.988 395.062 0.000 0.010 0.654 -12.188
0.750 9.560 84.938 395.062 0.000 0.010 0.750 -12.188
0.854 10.449 88.889 395.062 0.000 0.010 0.854 -12.188
0.968 11.378 92.840 395.062 0.000 0.010 0.968 -12.188
1.091 12.346 96.790 395.062 0.000 0.010 1.091 -12.188
1.225 13.353 100.741 395.062 0.000 0.010 1.225 -12.188
1.369 14.400 104.691 395.062 0.000 0.010 1.369 -12.188
1.524 15.467 106.667 197.531 0.000 0.010 1.524 -12.188
1.689 16.533 106.667 -0.000 0.000 0.010 1.689 -12.188
1.865 17.600 106.667 0.000 0.000 0.010 1.865 -12.188
2.052 18.667 106.667 0.000 0.000 0.010 2.052 -12.188
2.249 19.733 106.667 0.000 0.000 0.010 2.249 -12.188
2.457 20.800 106.667 0.000 0.000 0.010 2.457 -12.188
2.676 21.867 106.667 -0.000 0.000 0.010 2.676 -12.188
2.905 22.933 106.667 0.000 0.000 0.010 2.905 -12.188
3.145 24.000 106.667 0.000 0.000 0.010 3.145 -12.188
3.396 25.067 106.667 0.000 0.000 0.010 3.396 -12.188
3.657 26.133 106.667 -0.000 0.000 0.010 3.657 -12.188
3.929 27.200 106.667 0.000 0.000 0.010 3.929 -12.188
4.212 28.267 106.667 0.000 0.000 0.010 4.212 -12.188
4.505 29.333 106.667 -0.000 0.000 0.010 4.505 -12.188
4.809 30.400 106.667 0.000 0.000 0.010 4.809 -12.188
5.124 31.467 106.667 -0.000 0.000 0.010 5.124 -12.188
5.449 32.533 106.667 -0.000 0.000 0.010 5.449 -12.188
5.785 33.600 106.667 0.000 0.000 0.010 5.785 -12.188
6.131 34.647 104.691 -197.531 0.000 0.010 6.131 -12.188
6.488 35.654 100.741 -395.062 0.000 0.010 6.488 -12.188
6.854 36.622 96.790 -395.062 0.000 0.010 6.854 -12.188
7.230 37.551 92.840 -395.062 0.000 0.010 7.230 -12.188
7.614 38.440 88.889 -395.062 0.000 0.010 7.614 -12.188
8.007 39.289 84.938 -395.062 0.000 0.010 8.007 -12.188
8.408 40.099 80.988 -395.062 0.000 0.010 8.408 -12.188
8.817 40.869 77.037 -395.062 0.000 0.010 8.817 -12.188
9.233 41.600 73.086 -395.062 0.000 0.010 9.233 -12.188
9.656 42.291 69.136 -395.062 0.000 0.010 9.656 -12.188
10.085 42.943 65.185 -395.062 0.000 0.010 10.085 -12.188
10.520 43.556 61.235 -395.062 0.000 0.010 10.520 -12.188
10.962 44.128 57.284 -395.062 0.000 0.010 10.962 -12.188
11.408 44.662 53.333 -395.062 0.000 0.010 11.408 -12.188
11.860 45.156 49.383 -395.062 0.000 0.010 11.860 -12.188
12.316 45.610 45.432 -395.062 0.000 0.010 12.316 -12.188
12.776 46.025 41.481 -395.062 0.000 0.010 12.776 -12.188
13.240 46.400 37.531 -395.062 0.000 0.010 13.240 -12.188
13.708 46.736 33.580 -395.062 0.000 0.010 13.708 -12.188
14.178 47.032 29.630 -395.062 0.000 0.010 14.178 -12.188
14.651 47.289 25.679 -395.062 0.000 0.010 14.651 -12.188
15.126 47.506 21.728 -395.062 0.000 0.010 15.126 -12.188
15.603 47.684 17.778 -395.062 0.000 0.010 15.603 -12.188
16.081 47.822 13.827 -395.062 0.000 0.010 16.081 -12.188
16.560 47.921 9.877 -395.062 0.000 0.010 16.560 -12.188
17.040 47.980 5.926 -395.062 0.000 0.010 17.040 -12.188
17.520 48.000 1.975 -395.062 0.000 0.010 17.520 -12.188
18.000 48.000 0.000 -197.531 0.000 0.010 18.000 -12.188
18.480 48.000 0.000 0.000 0.000 0.010 18.480 -12.188
18.960 48.000 0.000 0.000 0.000 0.010 18.960 -12.188
19.440 48.000 0.000 0.000 0.000 0.010 19.440 -12.188
19.920 48.000 -0.000 -0.000 0.000 0.010 19.920 -12.188
20.400 48.000 0.000 0.000 0.000 0.010 20.400 -12.188
20.880 48.000 0.000 0.000 0.000 0.010 20.880 -12.188
21.360 48.000 -0.000 -0.000 0.000 0.010 21.360 -12.188
21.840 48.000 0.000 0.000 0.000 0.010 21.840 -12.188
22.320 48.000 -0.000 -0.000 0.000 0.010 22.320 -12.188
22.800 48.000 0.000 0.000 0.000 0.010 22.800 -12.188
23.280 48.000 0.000 -0.000 0.000 0.010 23.280 -12.188
23.760 48.000 0.000 0.000 0.000 0.010 23.760 -12.188
24.240 48.000 0.000 0.000 0.000 0.010 24.240 -12.188
24.720 48.000 0.000 0.000 0.000 0.010 24.720 -12.188
25.200 48.000 0.000 0.000 0.000 0.010 25.200 -12.188
25.680 48.000 0.000 0.000 0.000 0.010 25.680 -12.188
26.160 48.000 0.000 -0.000 0.000 0.010 26.160 -12.188
26.640 48.000 0.000 0.000 0.000 0.010 26.640 -12.188
27.120 48.000 -0.000 -0.000 0.000 0.010 27.120 -12.188
27.600 48.000 0.000 0.000 0.000 0.010 27.600 -12.188
28.080 48.000 -0.000 -0.000 0.000 0.010 28.080 -12.188
28.560 48.000 0.000 0.000 0.000 0.010 28.560 -12.188
29.040 48.000 0.000 0.000 0.000 0.010 29.040 -12.188
29.520 48.000 -0.000 -0.000 0.000 0.010 29.520 -12.188
30.000 48.000 0.000 0.000 0.000 0.010 30.000 -12.188
30.480 48.000 -0.000 -0.000 0.000 0.010 30.480 -12.188
30.960 48.000 0.000 0.000 0.000 0.010 30.960 -12.188
31.440 48.000 0.000 -0.000 0.000 0.010 31.440 -12.188
31.920 48.000 0.000 0.000 0.000 0.010 31.920 -12.188
32.400 48.000 -0.000 -0.000 0.000 0.010 32.400 -12.188
32.880 48.000 -0.000 0.000 0.000 0.010 32.880 -12.188
33.360 47.984 -1.646 -164.609 0.000 0.010 33.360 -12.188
33.839 47.931 -5.267 -362.140 0.000 0.010 33.839 -12.188
34.318 47.839 -9.218 -395.062 0.000 0.010 34.318 -12.188
34.795 47.707 -13.169 -395.062 0.000 0.010 34.795 -12.188
35.270 47.536 -17.119 -395.062 0.000 0.010 35.270 -12.188
35.743 47.325 -21.070 -395.062 0.000 0.010 35.743 -12.188
36.214 47.075 -25.021 -395.062 0.000 0.010 36.214 -12.188
36.682 46.785 -28.971 -395.062 0.000 0.010 36.682 -12.188
37.146 46.456 -32.922 -395.062 0.000 0.010 37.146 -12.188
37.607 46.087 -36.872 -395.062 0.000 0.010 37.607 -12.188
38.064 45.679 -40.823 -395.062 0.000 0.010 38.064 -12.188
38.516 45.231 -44.774 -395.062 0.000 0.010 38.516 -12.188
38.964 44.744 -48.724 -395.062 0.000 0.010 38.964 -12.188
39.406 44.217 -52.675 -395.062 0.000 0.010 39.406 -12.188
39.842 43.651 -56.626 -395.062 0.000 0.010 39.842 -12.188
40.273 43.045 -60.576 -395.062 0.000 0.010 40.273 -12.188
40.697 42.400 -64.527 -395.062 0.000 0.010 40.697 -12.188
41.114 41.715 -68.477 -395.062 0.000 0.010 41.114 -12.188
41.524 40.991 -72.428 -395.062 0.000 0.010 41.524 -12.188
41.926 40.227 -76.379 -395.062 0.000 0.010 41.926 -12.188
42.320 39.424 -80.329 -395.062 0.000 0.010 42.320 -12.188
42.706 38.581 -84.280 -395.062 0.000 0.010 42.706 -12.188
43.083 37.699 -88.230 -395.062 0.000 0.010 43.083 -12.188
43.451 36.777 -92.181 -395.062 0.000 0.010 43.451 -12.188
43.809 35.816 -96.132 -395.062 0.000 0.010 43.809 -12.188
44.157 34.815 -100.082 -395.062 0.000 0.010 44.157 -12.188
44.495 33.774 -104.033 -395.062 0.000 0.010 44.495 -12.188
44.822 32.711 -106.337 -230.453 0.000 0.010 44.822 -12.188
45.139 31.644 -106.667 -32.922 0.000 0.010 45.139 -12.188
45.444 30.578 -106.667 -0.000 0.000 0.010 45.444 -12.188
45.740 29.511 -106.667 0.000 0.000 0.010 45.740 -12.188
46.024 28.444 -106.667 0.000 0.000 0.010 46.024 -12.188
46.298 27.378 -106.667 -0.000 0.000 0.010 46.298 -12.188
46.561 26.311 -106.667 0.000 0.000 0.010 46.561 -12.188
46.813 25.244 -106.667 -0.000 0.000 0.010 46.813 -12.188
47.055 24.178 -106.667 0.000 0.000 0.010 47.055 -12.188
47.286 23.111 -106.667 0.000 0.000 0.010 47.286 -12.188
47.507 22.044 -106.667 0.000 0.000 0.010 47.507 -12.188
47.716 20.978 -106.667 -0.000 0.000 0.010 47.716 -12.188
47.916 19.911 -106.667 0.000 0.000 0.010 47.916 -12.188
48.104 18.844 -106.667 0.000 0.000 0.010 48.104 -12.188
48.282 17.778 -106.667 -0.000 0.000 0.010 48.282 -12.188
48.449 16.711 -106.667 0.000 0.000 0.010 48.449 -12.188
48.605 15.644 -106.667 0.000 0.000 0.010 48.605 -12.188
48.751 14.578 -106.667 0.000 0.000 0.010 48.751 -12.188
48.886 13.528 -105.021 164.609 0.000 0.010 48.886 -12.188
49.012 12.514 -101.399 362.140 0.000 0.010 49.012 -12.188
49.127 11.539 -97.449 395.062 0.000 0.010 49.127 -12.188
49.233 10.604 -93.498 395.062 0.000 0.010 49.233 -12.188
49.330 9.709 -89.547 395.062 0.000 0.010 49.330 -12.188
49.419 8.853 -85.597 395.062 0.000 0.010 49.419 -12.188
49.499 8.036 -81.646 395.062 0.000 0.010 49.499 -12.188
49.572 7.259 -77.695 395.062 0.000 0.010 49.572 -12.188
49.637 6.522 -73.745 395.062 0.000 0.010 49.637 -12.188
49.695 5.824 -69.794 395.062 0.000 0.010 49.695 -12.188
49.747 5.165 -65.844 395.062 0.000 0.010 49.747 -12.188
49.792 4.547 -61.893 395.062 0.000 0.010 49.792 -12.188
49.832 3.967 -57.942 395.062 0.000 0.010 49.832 -12.188
49.866 3.427 -53.992 395.062 0.000 0.010 49.866 -12.188
49.895 2.927 -50.041 395.062 0.000 0.010 49.895 -12.188
49.920 2.466 -46.091 395.062 0.000 0.010 49.920 -12.188
49.940 2.044 -42.140 395.062 0.000 0.010 49.940 -12.188
49.957 1.663 -38.189 395.062 0.000 0.010 49.957 -12.188
49.970 1.320 -34.239 395.062 0.000 0.010 49.970 -12.188
49.980 1.017 -30.288 395.062 0.000 0.010 49.980 -12.188
49.988 0.754 -26.337 395.062 0.000 0.010 49.988 -12.188
49.993 0.530 -22.387 395.062 0.000 0.010 49.993 -12.188
49.997 0.346 -18.436 395.062 0.000 0.010 49.997 -12.188
49.999 0.201 -14.486 395.062 0.000 0.010 49.999 -12.188
50.000 0.095 -10.535 395.062 0.000 0.010 50.000 -12.188
50.000 0.030 -6.584 395.062 0.000 0.010 50.000 -12.188
50.000 0.003 -2.634 395.062 0.000 0.010 50.000 -12.188
50.000 0.000 -0.329 230.453 0.000 0.010 50.000 -12.188
