Position5bToCenterPath
133
0.000 0.039 3.878 387.801 0.000 0.010 0.000 12.188
0.001 0.078 3.877 -0.081 0.000 0.010 0.001 12.188
0.003 0.174 9.690 581.287 0.000 0.010 0.003 12.188
0.006 0.310 13.555 386.500 0.000 0.010 0.006 12.188
0.011 0.484 17.403 384.810 0.000 0.010 0.011 12.188
0.018 0.696 21.224 382.047 0.000 0.010 0.018 12.188
0.027 0.946 25.003 377.949 0.000 0.010 0.027 12.188
0.039 1.234 28.726 372.261 0.000 0.010 0.039 12.188
0.055 1.557 32.373 364.737 0.000 0.010 0.055 12.188
0.074 1.917 35.925 355.142 0.000 0.010 0.074 12.188
0.097 2.310 39.357 343.256 0.000 0.010 0.097 12.188
0.125 2.737 42.646 328.877 0.000 0.010 0.125 12.188
0.157 3.194 45.764 311.825 0.000 0.010 0.157 12.188
0.193 3.681 48.684 291.942 0.000 0.010 0.193 12.188
0.235 4.195 51.375 269.099 0.000 0.010 0.235 12.188
0.283 4.733 53.806 243.193 0.001 0.010 0.283 12.188
0.336 5.292 55.948 214.151 0.001 0.010 0.336 12.188
0.394 5.870 57.767 181.929 0.001 0.010 0.394 12.188
0.459 6.462 59.232 146.513 0.002 0.010 0.459 12.188
0.530 7.065 60.312 107.912 0.002 0.010 0.530 12.188
0.606 7.675 60.973 66.160 0.003 0.010 0.606 12.188
0.689 8.287 61.186 21.310 0.004 0.010 0.689 12.188
0.778 8.896 60.920 -26.572 0.005 0.010 0.778 12.189
0.873 9.498 60.146 -77.407 0.006 0.010 0.873 12.189
0.974 10.086 58.835 -131.110 0.008 0.010 0.974 12.190
1.081 10.656 56.959 -187.590 0.010 0.010 1.081 12.191
1.193 11.201 54.492 -246.747 0.012 0.010 1.193 12.192
1.310 11.700 49.935 -455.725 0.015 0.010 1.310 12.194
1.431 12.135 43.492 -644.292 0.019 0.010 1.431 12.196
1.556 12.503 36.782 -671.004 0.023 0.010 1.556 12.198
1.684 12.801 29.828 -695.369 0.027 0.010 1.684 12.202
1.814 13.027 22.656 -717.216 0.032 0.010 1.814 12.205
1.946 13.180 15.294 -736.208 0.038 0.010 1.946 12.210
2.079 13.258 7.776 -751.790 0.045 0.010 2.078 12.216
2.211 13.260 0.145 -763.130 0.053 0.010 2.211 12.222
2.343 13.184 -7.546 -769.060 0.061 0.010 2.342 12.230
2.473 13.032 -15.226 -768.003 0.071 0.010 2.472 12.238
2.601 12.804 -22.805 -757.913 0.081 0.010 2.600 12.248
2.726 12.502 -30.167 -736.221 0.093 0.010 2.725 12.259
2.848 12.131 -37.165 -699.794 0.106 0.010 2.845 12.271
2.965 11.687 -44.372 -720.707 0.120 0.010 2.961 12.284
3.076 11.174 -51.266 -689.410 0.135 0.010 3.072 12.298
3.182 10.608 -56.662 -539.545 0.151 0.010 3.177 12.313
3.282 10.005 -60.294 -363.197 0.169 0.010 3.276 12.329
3.376 9.386 -61.890 -159.628 0.188 0.010 3.368 12.346
3.464 8.774 -61.186 70.419 0.208 0.010 3.454 12.363
3.546 8.194 -57.944 324.221 0.229 0.010 3.534 12.381
3.623 7.675 -51.977 596.653 0.252 0.010 3.609 12.399
3.695 7.243 -43.178 879.931 0.275 0.010 3.679 12.418
3.764 6.927 -31.541 1163.646 0.299 0.010 3.745 12.437
3.832 6.756 -17.190 1435.169 0.324 0.010 3.810 12.458
3.899 6.752 -0.385 1680.485 0.349 0.010 3.873 12.480
3.969 6.936 18.469 1885.418 0.375 0.010 3.938 12.505
4.042 7.325 38.840 2037.116 0.400 0.010 4.006 12.533
4.121 7.926 60.096 2125.568 0.426 0.010 4.079 12.564
4.209 8.741 81.545 2144.888 0.451 0.010 4.158 12.602
4.306 9.766 102.486 2094.107 0.476 0.010 4.245 12.645
4.416 10.989 122.259 1977.289 0.500 0.010 4.342 12.697
4.540 12.392 140.289 1802.975 0.523 0.010 4.450 12.757
4.680 13.953 156.119 1583.041 0.545 0.010 4.570 12.829
4.836 15.647 169.431 1331.230 0.566 0.010 4.703 12.911
5.011 17.448 180.047 1061.609 0.586 0.010 4.849 13.006
5.204 19.327 187.920 787.224 0.604 0.010 5.009 13.115
5.417 21.258 193.111 519.100 0.621 0.010 5.183 13.237
5.649 23.215 195.768 265.680 0.636 0.010 5.371 13.373
5.900 25.175 195.964 19.641 0.650 0.010 5.572 13.524
6.171 27.102 192.727 -323.741 0.662 0.010 5.787 13.690
6.461 28.976 187.396 -533.098 0.673 0.010 6.015 13.869
6.769 30.792 181.585 -581.079 0.681 0.010 6.255 14.062
7.095 32.536 174.396 -718.891 0.689 0.010 6.507 14.268
7.436 34.196 166.021 -837.455 0.695 0.010 6.770 14.486
7.794 35.763 156.620 -940.090 0.699 0.010 7.044 14.716
8.166 37.226 146.320 -1030.054 0.702 0.010 7.329 14.956
8.552 38.578 135.217 -1110.309 0.704 0.010 7.623 15.205
8.950 39.812 123.383 -1183.354 0.704 0.010 7.926 15.463
9.359 40.920 110.872 -1251.120 0.703 0.010 8.238 15.728
9.778 41.898 97.723 -1314.910 0.701 0.010 8.558 15.999
10.206 42.737 83.969 -1375.381 0.698 0.010 8.885 16.274
10.640 43.434 69.644 -1432.554 0.694 0.010 9.218 16.553
11.080 43.982 54.785 -1485.862 0.689 0.010 9.557 16.833
11.524 44.376 39.443 -1534.222 0.684 0.010 9.900 17.115
11.970 44.613 23.681 -1576.132 0.677 0.010 10.247 17.395
12.417 44.689 7.583 -1609.803 0.670 0.010 10.596 17.674
12.863 44.601 -8.750 -1633.302 0.663 0.010 10.946 17.950
13.306 44.349 -25.197 -1644.711 0.655 0.010 11.297 18.222
13.746 43.933 -41.620 -1642.295 0.647 0.010 11.646 18.488
14.179 43.354 -57.866 -1624.651 0.639 0.010 11.993 18.748
14.605 42.617 -73.775 -1590.844 0.630 0.010 12.337 19.001
15.023 41.725 -89.180 -1540.510 0.622 0.010 12.675 19.245
15.429 40.686 -103.919 -1473.910 0.614 0.010 13.006 19.481
15.824 39.507 -117.838 -1391.950 0.606 0.010 13.330 19.707
16.206 38.199 -130.800 -1296.146 0.598 0.010 13.645 19.923
16.574 36.775 -142.408 -1160.866 0.590 0.010 13.950 20.129
16.927 35.272 -150.286 -787.733 0.583 0.010 14.243 20.324
17.264 33.725 -154.715 -442.935 0.577 0.010 14.526 20.509
17.586 32.145 -158.040 -332.514 0.570 0.010 14.796 20.684
17.891 30.542 -160.313 -227.251 0.564 0.010 15.053 20.848
18.180 28.926 -161.597 -128.382 0.559 0.010 15.298 21.002
18.453 27.306 -161.966 -36.930 0.554 0.010 15.530 21.146
18.710 25.691 -161.503 46.301 0.550 0.010 15.749 21.281
18.951 24.088 -160.296 120.716 0.546 0.010 15.954 21.406
19.176 22.504 -158.437 185.915 0.542 0.010 16.147 21.523
19.386 20.944 -156.020 241.671 0.539 0.010 16.326 21.631
19.580 19.412 -153.141 287.910 0.536 0.010 16.493 21.730
19.759 17.913 -149.894 324.688 0.534 0.010 16.647 21.821
19.923 16.452 -146.129 376.455 0.532 0.010 16.789 21.905
20.074 15.052 -139.963 616.672 0.530 0.010 16.919 21.981
20.211 13.734 -131.857 810.568 0.529 0.010 17.037 22.051
20.336 12.494 -123.942 791.536 0.528 0.010 17.145 22.114
20.450 11.332 -116.261 768.014 0.527 0.010 17.243 22.171
20.552 10.243 -108.849 741.233 0.526 0.010 17.331 22.222
20.644 9.226 -101.726 712.290 0.526 0.010 17.411 22.268
20.727 8.277 -94.905 682.144 0.525 0.010 17.483 22.310
20.801 7.393 -88.389 651.620 0.525 0.010 17.547 22.347
20.867 6.571 -82.174 621.419 0.524 0.010 17.604 22.380
20.925 5.809 -76.253 592.124 0.524 0.010 17.654 22.409
20.976 5.103 -70.611 564.202 0.524 0.010 17.698 22.435
21.020 4.450 -65.231 538.021 0.524 0.010 17.737 22.457
21.059 3.849 -60.092 513.853 0.524 0.010 17.770 22.476
21.092 3.298 -55.174 491.884 0.524 0.010 17.799 22.493
21.120 2.793 -50.451 472.224 0.524 0.010 17.823 22.507
21.143 2.334 -45.902 454.916 0.524 0.010 17.843 22.518
21.162 1.919 -41.503 439.944 0.524 0.010 17.860 22.528
21.178 1.547 -37.230 427.240 0.524 0.010 17.873 22.536
21.190 1.216 -33.063 416.696 0.524 0.010 17.884 22.542
21.199 0.926 -28.982 408.164 0.524 0.010 17.892 22.546
21.206 0.677 -24.967 401.472 0.524 0.010 17.897 22.550
21.211 0.467 -21.003 396.420 0.524 0.010 17.901 22.552
21.213 0.296 -17.075 392.793 0.524 0.010 17.904 22.553
21.215 0.164 -13.171 390.364 0.524 0.010 17.905 22.554
21.216 0.071 -9.282 388.895 0.524 0.010 17.906 22.555
21.216 0.017 -5.401 388.142 0.524 0.010 17.906 22.555
21.216 0.000 -1.731 367.022 0.524 0.010 17.906 22.555
0.000 0.039 3.878 387.801 0.000 0.010 0.000 -12.187
0.001 0.078 3.879 0.081 0.000 0.010 0.001 -12.187
0.003 0.175 9.700 582.116 0.000 0.010 0.003 -12.187
0.006 0.310 13.591 389.102 0.000 0.010 0.006 -12.187
0.011 0.485 17.499 390.792 0.000 0.010 0.011 -12.187
0.018 0.700 21.434 393.555 0.000 0.010 0.018 -12.187
0.027 0.954 25.411 397.653 0.000 0.010 0.027 -12.187
0.040 1.248 29.444 403.341 0.000 0.010 0.040 -12.187
0.056 1.584 33.553 410.865 0.000 0.010 0.056 -12.187
0.075 1.961 37.758 420.460 0.000 0.010 0.075 -12.187
0.099 2.382 42.081 432.346 0.000 0.010 0.099 -12.187
0.127 2.848 46.548 446.725 0.000 0.010 0.127 -12.187
0.161 3.360 51.186 463.777 0.000 0.010 0.161 -12.187
0.200 3.920 56.023 483.660 0.000 0.010 0.200 -12.187
0.246 4.531 61.088 506.503 0.000 0.010 0.246 -12.187
0.298 5.195 66.412 532.409 0.001 0.010 0.298 -12.187
0.357 5.915 72.026 561.451 0.001 0.010 0.357 -12.187
0.424 6.695 77.963 593.673 0.001 0.010 0.424 -12.187
0.499 7.537 84.254 629.089 0.002 0.010 0.499 -12.187
0.583 8.447 90.931 667.690 0.002 0.010 0.583 -12.187
0.678 9.427 98.025 709.442 0.003 0.010 0.678 -12.187
0.783 10.483 105.568 754.292 0.004 0.010 0.783 -12.186
0.899 11.618 113.590 802.172 0.005 0.010 0.899 -12.186
1.027 12.840 122.120 853.007 0.006 0.010 1.027 -12.185
1.169 14.152 131.187 906.708 0.008 0.010 1.169 -12.184
1.324 15.560 140.819 963.186 0.010 0.010 1.324 -12.183
1.495 17.070 151.042 1022.341 0.012 0.010 1.495 -12.181
1.682 18.665 159.478 843.515 0.015 0.010 1.682 -12.178
1.885 20.324 165.920 644.278 0.019 0.010 1.885 -12.175
2.105 22.050 172.630 670.985 0.023 0.010 2.105 -12.170
2.344 23.846 179.584 695.345 0.027 0.010 2.344 -12.164
2.601 25.714 186.755 717.185 0.032 0.010 2.601 -12.157
2.877 27.655 194.117 736.169 0.038 0.010 2.877 -12.147
3.174 29.671 201.635 751.741 0.045 0.010 3.173 -12.135
3.492 31.764 209.265 763.072 0.053 0.010 3.491 -12.119
3.831 33.934 216.955 768.989 0.061 0.010 3.830 -12.100
4.193 36.180 224.634 767.918 0.071 0.010 4.191 -12.076
4.578 38.502 232.212 757.813 0.081 0.010 4.574 -12.047
4.987 40.898 239.574 736.105 0.093 0.010 4.982 -12.012
5.421 43.363 246.570 699.661 0.106 0.010 5.413 -11.969
5.879 45.862 249.898 332.766 0.120 0.010 5.869 -11.917
6.363 48.353 249.034 -86.332 0.135 0.010 6.349 -11.856
6.871 50.819 246.672 -236.196 0.151 0.010 6.852 -11.783
7.403 53.245 242.547 -412.537 0.169 0.010 7.377 -11.699
7.959 55.609 236.386 -616.092 0.188 0.010 7.925 -11.600
8.538 57.888 227.925 -846.115 0.208 0.010 8.492 -11.486
9.139 60.057 216.926 -1099.883 0.229 0.010 9.078 -11.356
9.760 62.089 203.204 -1372.270 0.252 0.010 9.681 -11.208
10.399 63.956 186.649 -1655.494 0.275 0.010 10.299 -11.041
11.056 65.628 167.257 -1939.148 0.299 0.010 10.928 -10.855
11.726 67.080 145.151 -2210.607 0.324 0.010 11.567 -10.650
12.409 68.286 120.592 -2455.860 0.349 0.010 12.211 -10.424
13.102 69.226 93.985 -2660.736 0.375 0.010 12.859 -10.179
13.800 69.884 65.861 -2812.387 0.400 0.010 13.506 -9.915
14.503 70.253 36.853 -2900.809 0.426 0.010 14.149 -9.633
15.206 70.329 7.652 -2920.119 0.451 0.010 14.786 -9.334
15.907 70.119 -21.042 -2869.346 0.476 0.010 15.413 -9.021
16.604 69.633 -48.567 -2752.557 0.500 0.010 16.028 -8.694
17.293 68.890 -74.350 -2578.288 0.523 0.010 16.629 -8.357
17.972 67.910 -97.934 -2358.413 0.545 0.010 17.213 -8.011
18.639 66.720 -119.001 -2106.666 0.566 0.010 17.780 -7.659
19.292 65.347 -137.372 -1837.113 0.586 0.010 18.328 -7.303
19.931 63.817 -153.000 -1562.792 0.604 0.010 18.857 -6.945
20.552 62.157 -165.947 -1294.727 0.621 0.010 19.365 -6.588
21.156 60.394 -176.361 -1041.357 0.636 0.010 19.854 -6.233
21.742 58.546 -184.731 -837.030 0.650 0.010 20.322 -5.882
22.308 56.611 -193.546 -881.475 0.662 0.010 20.771 -5.536
22.854 54.612 -199.850 -630.472 0.673 0.010 21.200 -5.198
23.380 52.594 -201.798 -194.709 0.681 0.010 21.609 -4.869
23.885 50.571 -202.367 -56.900 0.689 0.010 22.001 -4.549
24.371 48.553 -201.750 61.668 0.695 0.010 22.375 -4.239
24.837 46.552 -200.107 164.313 0.699 0.010 22.732 -3.940
25.282 44.577 -197.564 254.290 0.702 0.010 23.073 -3.653
25.709 42.634 -194.218 334.561 0.704 0.010 23.398 -3.377
26.116 40.733 -190.142 407.624 0.704 0.010 23.708 -3.113
26.505 38.879 -185.388 475.410 0.703 0.010 24.005 -2.862
26.876 37.079 -179.996 539.221 0.701 0.010 24.288 -2.622
27.229 35.339 -173.999 599.713 0.698 0.010 24.558 -2.394
27.566 33.665 -167.429 656.907 0.694 0.010 24.816 -2.178
27.886 32.062 -160.327 710.235 0.689 0.010 25.063 -1.974
28.192 30.534 -152.741 758.612 0.684 0.010 25.299 -1.780
28.482 29.087 -144.736 800.539 0.677 0.010 25.525 -1.597
28.760 27.723 -136.393 834.225 0.670 0.010 25.742 -1.424
29.024 26.445 -127.816 857.735 0.663 0.010 25.950 -1.260
29.277 25.253 -119.124 869.153 0.655 0.010 26.149 -1.106
29.518 24.149 -110.457 866.741 0.647 0.010 26.341 -0.959
29.749 23.129 -101.966 849.099 0.639 0.010 26.526 -0.821
29.971 22.191 -93.813 815.291 0.630 0.010 26.705 -0.689
30.185 21.329 -86.164 764.953 0.622 0.010 26.878 -0.564
30.390 20.538 -79.180 698.348 0.614 0.010 27.045 -0.445
30.588 19.807 -73.016 616.380 0.606 0.010 27.208 -0.332
30.779 19.129 -67.811 520.568 0.598 0.010 27.365 -0.223
30.964 18.494 -63.541 426.951 0.590 0.010 27.519 -0.120
31.143 17.903 -59.125 441.608 0.583 0.010 27.668 -0.021
31.317 17.356 -54.696 442.930 0.577 0.010 27.813 0.074
31.485 16.842 -51.371 332.505 0.570 0.010 27.954 0.166
31.649 16.351 -49.098 227.238 0.564 0.010 28.092 0.253
31.808 15.873 -47.815 128.367 0.559 0.010 28.227 0.338
31.961 15.398 -47.446 36.914 0.554 0.010 28.357 0.419
32.111 14.919 -47.909 -46.317 0.550 0.010 28.484 0.498
32.255 14.428 -49.116 -120.732 0.546 0.010 28.607 0.573
32.394 13.918 -50.975 -185.930 0.542 0.010 28.727 0.645
32.528 13.385 -53.392 -241.684 0.539 0.010 28.841 0.714
32.656 12.822 -56.271 -287.921 0.536 0.010 28.951 0.779
32.778 12.227 -59.518 -324.698 0.534 0.010 29.057 0.842
32.894 11.598 -62.866 -334.790 0.532 0.010 29.157 0.901
33.004 10.951 -64.738 -187.205 0.530 0.010 29.251 0.956
33.107 10.300 -65.088 -34.970 0.529 0.010 29.340 1.008
33.203 9.647 -65.247 -15.937 0.528 0.010 29.423 1.057
33.293 8.995 -65.172 7.586 0.527 0.010 29.501 1.102
33.377 8.347 -64.828 34.367 0.526 0.010 29.573 1.144
33.454 7.705 -64.195 63.311 0.526 0.010 29.640 1.183
33.525 7.073 -63.260 93.458 0.525 0.010 29.701 1.218
33.589 6.452 -62.020 123.982 0.525 0.010 29.757 1.251
33.648 5.848 -60.479 154.183 0.524 0.010 29.807 1.280
33.700 5.261 -58.644 183.478 0.524 0.010 29.853 1.306
33.747 4.696 -56.530 211.400 0.524 0.010 29.893 1.330
33.789 4.154 -54.154 237.581 0.524 0.010 29.929 1.350
33.825 3.639 -51.536 261.749 0.524 0.010 29.961 1.369
33.857 3.152 -48.699 283.719 0.524 0.010 29.988 1.384
33.884 2.695 -45.665 303.378 0.524 0.010 30.012 1.398
33.906 2.271 -42.459 320.686 0.524 0.010 30.031 1.409
33.925 1.880 -39.102 335.659 0.524 0.010 30.048 1.419
33.940 1.524 -35.618 348.362 0.524 0.010 30.061 1.426
33.952 1.203 -32.029 358.906 0.524 0.010 30.071 1.432
33.962 0.920 -28.355 367.438 0.524 0.010 30.079 1.437
33.968 0.674 -24.614 374.131 0.524 0.010 30.085 1.440
33.973 0.465 -20.822 379.182 0.524 0.010 30.089 1.443
33.976 0.295 -16.994 382.809 0.524 0.010 30.092 1.444
33.978 0.164 -13.141 385.238 0.524 0.010 30.093 1.445
33.978 0.071 -9.274 386.708 0.524 0.010 30.094 1.445
33.978 0.017 -5.400 387.461 0.524 0.010 30.094 1.445
33.978 0.000 -1.731 366.907 0.524 0.010 30.094 1.445
