Position5ToCenterPath
259
0.000 0.040 3.951 395.062 0.000 0.010 0.000 12.188
0.001 0.079 3.950 -0.012 0.000 0.010 0.001 12.188
0.003 0.178 9.876 592.531 0.000 0.010 0.003 12.188
0.006 0.316 13.825 394.870 0.000 0.010 0.006 12.188
0.011 0.494 17.771 394.621 0.000 0.010 0.011 12.188
0.018 0.711 21.713 394.212 0.000 0.010 0.018 12.188
0.028 0.967 25.649 393.606 0.000 0.010 0.028 12.188
0.040 1.263 29.577 392.763 0.000 0.010 0.040 12.188
0.056 1.598 33.493 391.643 0.000 0.010 0.056 12.188
0.076 1.972 37.395 390.210 0.000 0.010 0.076 12.188
0.100 2.385 41.279 388.425 0.000 0.010 0.100 12.188
0.128 2.836 45.142 386.252 0.000 0.010 0.128 12.188
0.161 3.326 48.978 383.656 0.000 0.010 0.161 12.188
0.200 3.854 52.784 380.601 0.000 0.010 0.200 12.188
0.244 4.419 56.555 377.056 0.000 0.010 0.244 12.188
0.294 5.022 60.285 372.988 0.000 0.010 0.294 12.188
0.351 5.662 63.969 368.367 0.000 0.010 0.351 12.188
0.414 6.338 67.600 363.164 0.000 0.010 0.414 12.188
0.485 7.050 71.174 357.353 0.000 0.010 0.485 12.188
0.563 7.796 74.683 350.907 0.000 0.010 0.563 12.188
0.649 8.578 78.121 343.802 0.000 0.010 0.649 12.188
0.743 9.392 81.481 336.012 0.001 0.010 0.743 12.188
0.845 10.240 84.756 327.515 0.001 0.010 0.845 12.188
0.956 11.119 87.939 318.287 0.001 0.010 0.956 12.188
1.076 12.030 91.022 308.301 0.001 0.010 1.076 12.188
1.206 12.970 93.997 297.532 0.002 0.010 1.206 12.188
1.346 13.938 96.857 285.947 0.002 0.010 1.346 12.188
1.495 14.915 97.691 83.393 0.002 0.010 1.495 12.189
1.653 15.880 96.529 -116.141 0.003 0.010 1.653 12.189
1.822 16.833 95.295 -123.466 0.004 0.010 1.822 12.190
2.000 17.773 93.987 -130.786 0.004 0.010 2.000 12.190
2.187 18.699 92.605 -138.151 0.005 0.010 2.187 12.191
2.383 19.611 91.149 -145.594 0.006 0.010 2.383 12.192
2.588 20.507 89.617 -153.180 0.007 0.010 2.588 12.194
2.802 21.387 88.008 -160.949 0.008 0.010 2.802 12.195
3.024 22.250 86.318 -168.980 0.010 0.010 3.024 12.197
3.255 23.096 84.545 -177.329 0.012 0.010 3.255 12.200
3.494 23.922 82.684 -186.076 0.013 0.010 3.494 12.203
3.742 24.730 80.731 -195.297 0.015 0.010 3.741 12.206
3.997 25.517 78.680 -205.082 0.018 0.010 3.997 12.211
4.260 26.282 76.525 -215.516 0.020 0.010 4.259 12.216
4.530 27.024 74.258 -226.701 0.023 0.010 4.530 12.221
4.807 27.743 71.871 -238.737 0.026 0.010 4.807 12.228
5.092 28.437 69.353 -251.731 0.029 0.010 5.091 12.236
5.383 29.104 66.696 -265.796 0.033 0.010 5.382 12.245
5.680 29.726 62.199 -449.692 0.037 0.010 5.679 12.255
5.983 30.285 55.936 -626.270 0.041 0.010 5.982 12.267
6.291 30.781 49.641 -629.467 0.046 0.010 6.289 12.281
6.603 31.215 43.314 -632.701 0.051 0.010 6.601 12.296
6.919 31.584 36.955 -635.942 0.057 0.010 6.916 12.313
7.237 31.890 30.564 -639.130 0.063 0.010 7.235 12.332
7.559 32.131 24.142 -642.180 0.070 0.010 7.555 12.354
7.882 32.308 17.692 -644.986 0.077 0.010 7.878 12.377
8.206 32.420 11.218 -647.372 0.084 0.010 8.201 12.403
8.531 32.467 4.727 -649.157 0.092 0.010 8.524 12.432
8.855 32.450 -1.775 -650.109 0.101 0.010 8.847 12.463
9.179 32.367 -8.274 -649.936 0.110 0.010 9.169 12.497
9.501 32.219 -14.757 -648.313 0.120 0.010 9.489 12.534
9.821 32.007 -21.205 -644.849 0.130 0.010 9.807 12.574
10.138 31.731 -27.597 -639.119 0.141 0.010 10.121 12.617
10.452 31.392 -33.903 -630.613 0.153 0.010 10.432 12.663
10.762 30.991 -40.091 -618.810 0.165 0.010 10.738 12.712
11.068 30.530 -46.122 -603.102 0.178 0.010 11.038 12.764
11.368 30.011 -51.951 -582.872 0.192 0.010 11.333 12.819
11.662 29.436 -57.525 -557.475 0.206 0.010 11.622 12.878
11.950 28.808 -62.788 -526.260 0.222 0.010 11.903 12.939
12.231 28.131 -67.674 -488.615 0.237 0.010 12.177 13.003
12.506 27.410 -72.114 -443.994 0.254 0.010 12.443 13.069
12.772 26.649 -76.034 -391.951 0.272 0.010 12.701 13.139
13.031 25.856 -79.356 -332.227 0.290 0.010 12.949 13.210
13.281 25.036 -82.004 -264.778 0.308 0.010 13.188 13.284
13.523 24.197 -83.902 -189.848 0.328 0.010 13.418 13.360
13.756 23.356 -84.039 -13.640 0.348 0.010 13.638 13.437
13.982 22.531 -82.522 151.685 0.369 0.010 13.849 13.516
14.199 21.728 -80.337 218.483 0.391 0.010 14.051 13.597
14.409 20.954 -77.428 290.931 0.413 0.010 14.244 13.679
14.611 20.216 -73.747 368.027 0.436 0.010 14.428 13.762
14.806 19.523 -69.263 448.429 0.459 0.010 14.604 13.846
14.995 18.884 -63.959 530.440 0.483 0.010 14.773 13.932
15.178 18.305 -57.838 612.037 0.507 0.010 14.934 14.019
15.356 17.796 -50.929 690.938 0.532 0.010 15.088 14.107
15.529 17.363 -43.282 764.688 0.557 0.010 15.237 14.197
15.700 17.014 -34.974 830.785 0.583 0.010 15.380 14.289
15.867 16.753 -26.106 886.819 0.608 0.010 15.519 14.383
16.033 16.585 -16.800 930.622 0.634 0.010 15.654 14.479
16.198 16.513 -7.195 960.427 0.660 0.010 15.785 14.579
16.364 16.538 2.554 974.985 0.686 0.010 15.915 14.682
16.530 16.661 12.291 973.671 0.711 0.010 16.042 14.789
16.699 16.880 21.856 956.521 0.737 0.010 16.169 14.901
16.871 17.191 31.099 924.245 0.762 0.010 16.295 15.018
17.047 17.589 39.880 878.155 0.787 0.010 16.420 15.141
17.227 18.070 48.081 820.080 0.812 0.010 16.546 15.271
17.414 18.626 55.603 752.224 0.836 0.010 16.673 15.407
17.606 19.250 62.374 677.022 0.859 0.010 16.800 15.552
17.806 19.933 68.343 596.984 0.882 0.010 16.929 15.704
18.012 20.668 73.489 514.554 0.905 0.010 17.058 15.865
18.227 21.446 77.809 431.992 0.927 0.010 17.189 16.035
18.449 22.260 81.322 351.287 0.948 0.010 17.320 16.215
18.680 23.100 84.063 274.100 0.968 0.010 17.453 16.404
18.920 23.961 86.080 201.732 0.988 0.010 17.587 16.602
19.168 24.835 87.431 135.137 1.007 0.010 17.722 16.811
19.425 25.717 88.181 74.928 1.025 0.010 17.857 17.030
19.691 26.601 88.395 21.426 1.043 0.010 17.993 17.258
19.966 27.483 88.142 -25.302 1.060 0.010 18.130 17.497
20.250 28.357 87.488 -65.393 1.076 0.010 18.266 17.745
20.542 29.222 86.497 -99.142 1.091 0.010 18.403 18.004
20.843 30.075 85.227 -126.945 1.106 0.010 18.540 18.271
21.152 30.912 83.734 -149.290 1.120 0.010 18.677 18.549
21.469 31.733 82.067 -166.689 1.133 0.010 18.813 18.835
21.795 32.535 80.271 -179.673 1.146 0.010 18.949 19.131
22.128 33.319 78.383 -188.768 1.158 0.010 19.085 19.435
22.469 34.084 76.438 -194.479 1.169 0.010 19.220 19.748
22.817 34.828 74.465 -197.277 1.180 0.010 19.354 20.069
23.172 35.553 72.489 -197.599 1.190 0.010 19.488 20.399
23.535 36.258 70.531 -195.832 1.200 0.010 19.621 20.736
23.904 36.945 68.608 -192.334 1.209 0.010 19.753 21.081
24.281 37.612 66.734 -187.409 1.218 0.010 19.884 21.433
24.663 38.261 64.920 -181.332 1.226 0.010 20.015 21.793
25.052 38.893 63.177 -174.332 1.233 0.010 20.146 22.159
25.447 39.508 61.511 -166.610 1.240 0.010 20.275 22.533
25.848 40.107 59.928 -158.334 1.246 0.010 20.404 22.912
26.255 40.692 58.431 -149.647 1.252 0.010 20.533 23.299
26.668 41.262 57.024 -140.664 1.258 0.010 20.661 23.691
27.086 41.819 55.710 -131.483 1.263 0.010 20.788 24.089
27.510 42.364 54.488 -122.179 1.268 0.010 20.916 24.493
27.939 42.897 53.360 -112.819 1.272 0.010 21.043 24.903
28.373 43.421 52.325 -103.447 1.276 0.010 21.170 25.318
28.812 43.934 51.384 -94.104 1.279 0.010 21.297 25.739
29.257 44.440 50.536 -84.818 1.282 0.010 21.424 26.164
29.706 44.938 49.780 -75.606 1.284 0.010 21.552 26.595
30.160 45.429 49.115 -66.485 1.287 0.010 21.680 27.031
30.619 45.914 48.540 -57.462 1.288 0.010 21.808 27.472
31.083 46.395 48.055 -48.542 1.290 0.010 21.937 27.918
31.552 46.871 47.658 -39.724 1.290 0.010 22.067 28.368
32.025 47.345 47.348 -31.009 1.291 0.010 22.198 28.823
32.504 47.816 47.124 -22.393 1.291 0.010 22.330 29.283
32.986 48.286 46.985 -13.872 1.291 0.010 22.463 29.747
33.474 48.755 46.931 -5.441 1.290 0.010 22.598 30.215
33.966 49.225 46.960 2.902 1.289 0.010 22.734 30.688
34.463 49.695 47.071 11.163 1.288 0.010 22.873 31.165
34.965 50.168 47.265 19.341 1.286 0.010 23.013 31.647
35.471 50.644 47.539 27.437 1.284 0.010 23.156 32.133
35.983 51.122 47.894 35.446 1.281 0.010 23.301 32.623
36.499 51.606 48.327 43.363 1.278 0.010 23.449 33.118
37.020 52.094 48.839 51.177 1.275 0.010 23.600 33.616
37.545 52.588 49.428 58.870 1.271 0.010 23.754 34.119
38.076 53.089 50.092 66.424 1.267 0.010 23.912 34.626
38.612 53.598 50.830 73.809 1.263 0.010 24.073 35.137
39.153 54.114 51.640 80.988 1.258 0.010 24.239 35.652
39.700 54.639 52.519 87.918 1.252 0.010 24.408 36.172
40.252 55.174 53.464 94.539 1.246 0.010 24.583 36.695
40.809 55.719 54.472 100.793 1.240 0.010 24.762 37.223
41.372 56.274 55.538 106.592 1.233 0.010 24.947 37.754
41.940 56.841 56.657 111.846 1.226 0.010 25.137 38.290
42.514 57.419 57.821 116.446 1.218 0.010 25.333 38.829
43.094 58.009 59.024 120.263 1.210 0.010 25.536 39.373
43.680 58.612 60.255 123.151 1.201 0.010 25.745 39.920
44.273 59.227 61.505 124.944 1.192 0.010 25.962 40.472
44.871 59.854 62.759 125.462 1.182 0.010 26.186 41.027
45.476 60.494 64.004 124.487 1.172 0.010 26.418 41.585
46.088 61.146 65.222 121.796 1.161 0.010 26.658 42.148
46.706 61.810 66.394 117.146 1.150 0.010 26.908 42.713
47.330 62.485 67.496 110.254 1.138 0.010 27.166 43.282
47.962 63.170 68.505 100.859 1.126 0.010 27.435 43.854
48.601 63.864 69.391 88.658 1.113 0.010 27.714 44.428
49.246 64.566 70.125 73.366 1.099 0.010 28.003 45.005
49.899 65.272 70.672 54.696 1.085 0.010 28.304 45.585
50.559 65.982 70.996 32.383 1.070 0.010 28.616 46.166
51.226 66.693 71.058 6.205 1.055 0.010 28.941 46.748
51.900 67.401 70.818 -24.024 1.039 0.010 29.278 47.332
52.581 68.103 70.234 -58.414 1.022 0.010 29.629 47.916
53.269 68.796 69.264 -96.963 1.005 0.010 29.992 48.500
53.964 69.475 67.868 -139.594 0.988 0.010 30.370 49.083
54.665 70.135 66.007 -186.054 0.969 0.010 30.761 49.665
55.373 70.771 63.648 -235.959 0.951 0.010 31.167 50.245
56.087 71.379 60.760 -288.757 0.932 0.010 31.587 50.822
56.806 71.952 57.323 -343.693 0.912 0.010 32.022 51.395
57.531 72.485 53.325 -399.869 0.892 0.010 32.472 51.964
58.261 72.973 48.763 -456.195 0.871 0.010 32.936 52.527
58.995 73.409 43.648 -511.451 0.850 0.010 33.414 53.084
59.733 73.789 38.005 -564.312 0.829 0.010 33.907 53.633
60.474 74.108 31.871 -613.402 0.808 0.010 34.413 54.174
61.217 74.361 25.298 -657.344 0.786 0.010 34.933 54.706
61.963 74.545 18.349 -694.848 0.764 0.010 35.465 55.228
62.709 74.656 11.101 -724.759 0.743 0.010 36.010 55.739
63.456 74.692 3.640 -746.141 0.721 0.010 36.566 56.238
64.202 74.622 -7.005 -1064.552 0.699 0.010 37.132 56.724
64.947 74.415 -20.716 -1371.044 0.677 0.010 37.707 57.196
65.687 74.072 -34.271 -1355.557 0.656 0.010 38.289 57.654
66.423 73.597 -47.513 -1324.200 0.634 0.010 38.877 58.097
67.153 72.994 -60.303 -1278.997 0.613 0.010 39.469 58.523
67.876 72.269 -72.520 -1221.681 0.593 0.010 40.065 58.933
68.590 71.428 -84.064 -1154.353 0.573 0.010 40.661 59.326
69.295 70.480 -94.857 -1079.339 0.553 0.010 41.257 59.702
69.989 69.431 -104.848 -999.055 0.534 0.010 41.851 60.061
70.672 68.291 -114.006 -915.845 0.516 0.010 42.442 60.404
71.343 67.068 -122.325 -831.908 0.499 0.010 43.028 60.730
72.001 65.770 -129.817 -749.166 0.482 0.010 43.608 61.039
72.645 64.404 -136.509 -669.240 0.465 0.010 44.182 61.333
73.274 62.980 -142.443 -593.419 0.450 0.010 44.747 61.611
73.889 61.503 -147.670 -522.632 0.435 0.010 45.302 61.875
74.489 59.981 -152.245 -457.513 0.421 0.010 45.848 62.124
75.073 58.419 -156.229 -398.388 0.408 0.010 46.383 62.359
75.642 56.822 -159.682 -345.355 0.396 0.010 46.906 62.581
76.194 55.195 -162.665 -298.301 0.384 0.010 47.416 62.791
76.729 53.543 -165.235 -256.972 0.373 0.010 47.914 62.989
77.248 51.868 -167.445 -221.006 0.362 0.010 48.398 63.175
77.750 50.175 -169.345 -189.974 0.353 0.010 48.868 63.351
78.234 48.465 -170.979 -163.404 0.344 0.010 49.323 63.516
78.702 46.741 -172.387 -140.835 0.336 0.010 49.764 63.672
79.152 45.005 -173.605 -121.808 0.328 0.010 50.190 63.819
79.584 43.259 -174.664 -105.903 0.321 0.010 50.600 63.957
79.999 41.503 -175.592 -92.738 0.314 0.010 50.994 64.086
80.397 39.762 -174.016 157.530 0.308 0.010 51.372 64.208
80.777 38.062 -170.076 394.025 0.303 0.010 51.735 64.323
81.141 36.399 -166.249 382.765 0.298 0.010 52.083 64.430
81.489 34.774 -162.542 370.681 0.294 0.010 52.416 64.532
81.821 33.184 -158.956 358.546 0.290 0.010 52.733 64.627
82.137 31.629 -155.492 346.469 0.286 0.010 53.037 64.717
82.438 30.108 -152.147 334.502 0.283 0.010 53.326 64.801
82.725 28.619 -148.920 322.683 0.280 0.010 53.601 64.881
82.996 27.161 -145.810 311.009 0.277 0.010 53.862 64.956
83.254 25.732 -142.815 299.473 0.275 0.010 54.109 65.026
83.497 24.333 -139.935 288.041 0.273 0.010 54.344 65.091
83.726 22.961 -137.168 276.674 0.271 0.010 54.565 65.153
83.943 21.616 -134.514 265.328 0.270 0.010 54.773 65.211
84.146 20.296 -131.975 253.949 0.268 0.010 54.969 65.265
84.336 19.001 -129.550 242.486 0.267 0.010 55.152 65.315
84.513 17.729 -127.241 230.891 0.266 0.010 55.323 65.362
84.678 16.478 -125.050 219.113 0.265 0.010 55.482 65.405
84.830 15.248 -122.979 207.110 0.265 0.010 55.629 65.445
84.971 14.059 -118.962 401.660 0.264 0.010 55.765 65.482
85.100 12.928 -113.052 591.077 0.264 0.010 55.890 65.515
85.219 11.855 -107.339 571.281 0.263 0.010 56.004 65.546
85.327 10.837 -101.816 552.258 0.263 0.010 56.109 65.574
85.426 9.872 -96.471 534.518 0.263 0.010 56.204 65.600
85.515 8.959 -91.291 518.038 0.262 0.010 56.291 65.623
85.596 8.096 -86.263 502.793 0.262 0.010 56.369 65.644
85.669 7.283 -81.375 488.759 0.262 0.010 56.439 65.663
85.734 6.516 -76.616 475.908 0.262 0.010 56.502 65.680
85.792 5.797 -71.974 464.212 0.262 0.010 56.558 65.695
85.843 5.122 -67.438 453.635 0.262 0.010 56.608 65.708
85.888 4.492 -62.996 444.142 0.262 0.010 56.651 65.720
85.927 3.906 -58.639 435.690 0.262 0.010 56.689 65.730
85.961 3.362 -54.357 428.234 0.262 0.010 56.721 65.739
85.990 2.861 -50.140 421.725 0.262 0.010 56.749 65.746
86.014 2.401 -45.979 416.108 0.262 0.010 56.772 65.752
86.033 1.983 -41.865 411.328 0.262 0.010 56.791 65.758
86.050 1.605 -37.792 407.323 0.262 0.010 56.807 65.762
86.062 1.267 -33.752 404.029 0.262 0.010 56.819 65.765
86.072 0.970 -29.738 401.383 0.262 0.010 56.828 65.768
86.079 0.712 -25.745 399.315 0.262 0.010 56.835 65.769
86.084 0.495 -21.767 397.755 0.262 0.010 56.840 65.771
86.087 0.317 -17.801 396.634 0.262 0.010 56.843 65.772
86.089 0.178 -13.842 395.879 0.262 0.010 56.845 65.772
86.090 0.079 -9.888 395.417 0.262 0.010 56.845 65.772
86.090 0.020 -5.936 395.176 0.262 0.010 56.846 65.772
86.090 0.000 -1.985 395.082 0.262 0.010 56.846 65.772
86.090 0.000 -0.005 198.037 0.262 0.010 56.846 65.772
0.000 0.040 3.951 395.062 0.000 0.010 0.000 -12.187
0.001 0.079 3.951 0.012 0.000 0.010 0.001 -12.187
0.003 0.178 9.877 592.654 0.000 0.010 0.003 -12.187
0.006 0.316 13.830 395.254 0.000 0.010 0.006 -12.187
0.011 0.494 17.785 395.503 0.000 0.010 0.011 -12.187
0.018 0.711 21.744 395.911 0.000 0.010 0.018 -12.187
0.028 0.968 25.709 396.517 0.000 0.010 0.028 -12.187
0.040 1.265 29.683 397.361 0.000 0.010 0.040 -12.187
0.056 1.602 33.668 398.480 0.000 0.010 0.056 -12.187
0.076 1.979 37.667 399.914 0.000 0.010 0.076 -12.187
0.100 2.395 41.684 401.698 0.000 0.010 0.100 -12.187
0.129 2.853 45.722 403.871 0.000 0.010 0.129 -12.187
0.162 3.351 49.787 406.468 0.000 0.010 0.162 -12.187
0.201 3.889 53.882 409.522 0.000 0.010 0.201 -12.187
0.246 4.470 58.013 413.067 0.000 0.010 0.246 -12.187
0.297 5.091 62.184 417.136 0.000 0.010 0.297 -12.187
0.354 5.755 66.402 421.757 0.000 0.010 0.354 -12.187
0.419 6.462 70.671 426.959 0.000 0.010 0.419 -12.187
0.491 7.212 74.999 432.770 0.000 0.010 0.491 -12.187
0.571 8.006 79.391 439.216 0.000 0.010 0.571 -12.187
0.659 8.845 83.855 446.322 0.000 0.010 0.659 -12.187
0.757 9.728 88.396 454.111 0.001 0.010 0.757 -12.187
0.863 10.659 93.022 462.608 0.001 0.010 0.863 -12.187
0.980 11.636 97.740 471.837 0.001 0.010 0.980 -12.187
1.106 12.662 102.558 481.822 0.001 0.010 1.106 -12.187
1.244 13.737 107.484 492.592 0.002 0.010 1.244 -12.187
1.392 14.862 112.526 504.176 0.002 0.010 1.392 -12.187
1.552 16.018 115.643 311.668 0.002 0.010 1.552 -12.186
1.724 17.186 116.804 116.142 0.003 0.010 1.724 -12.186
1.908 18.367 118.039 123.463 0.004 0.010 1.908 -12.185
2.104 19.560 119.347 130.788 0.004 0.010 2.104 -12.184
2.311 20.767 120.728 138.147 0.005 0.010 2.311 -12.183
2.531 21.989 122.184 145.597 0.006 0.010 2.531 -12.182
2.763 23.226 123.716 153.174 0.007 0.010 2.763 -12.181
3.008 24.480 125.325 160.951 0.008 0.010 3.008 -12.179
3.266 25.750 127.015 168.975 0.010 0.010 3.266 -12.176
3.536 27.038 128.788 177.326 0.012 0.010 3.536 -12.174
3.820 28.344 130.649 186.071 0.013 0.010 3.819 -12.170
4.116 29.670 132.602 195.295 0.015 0.010 4.116 -12.166
4.426 31.017 134.653 205.074 0.018 0.010 4.426 -12.161
4.750 32.385 136.808 215.511 0.020 0.010 4.750 -12.155
5.088 33.776 139.075 226.694 0.023 0.010 5.088 -12.147
5.440 35.190 141.462 238.727 0.026 0.010 5.439 -12.139
5.806 36.630 143.979 251.720 0.029 0.010 5.806 -12.129
6.187 38.096 146.637 265.783 0.033 0.010 6.186 -12.117
6.583 39.568 147.183 54.615 0.037 0.010 6.582 -12.103
6.993 41.024 145.544 -163.870 0.041 0.010 6.992 -12.087
7.418 42.463 143.938 -160.673 0.046 0.010 7.416 -12.068
7.857 43.887 142.363 -157.443 0.051 0.010 7.854 -12.047
8.310 45.295 140.821 -154.208 0.057 0.010 8.307 -12.022
8.776 46.688 139.311 -151.020 0.063 0.010 8.773 -11.994
9.257 48.066 137.831 -147.963 0.070 0.010 9.252 -11.962
9.751 49.430 136.380 -145.178 0.077 0.010 9.745 -11.926
10.259 50.780 134.952 -142.785 0.084 0.010 10.251 -11.885
10.780 52.115 133.542 -140.997 0.092 0.010 10.771 -11.839
11.315 53.436 132.141 -140.057 0.101 0.010 11.302 -11.788
11.862 54.744 130.739 -140.230 0.110 0.010 11.847 -11.730
12.422 56.037 129.320 -141.859 0.120 0.010 12.403 -11.666
12.996 57.316 127.867 -145.318 0.130 0.010 12.972 -11.595
13.581 58.579 126.357 -151.064 0.141 0.010 13.553 -11.515
14.180 59.827 124.761 -159.555 0.153 0.010 14.144 -11.428
14.790 61.057 123.047 -171.376 0.165 0.010 14.747 -11.331
15.413 62.269 121.176 -187.079 0.178 0.010 15.361 -11.225
16.048 63.460 119.103 -207.307 0.192 0.010 15.985 -11.108
16.694 64.628 116.776 -232.708 0.206 0.010 16.618 -10.980
17.352 65.769 114.137 -263.917 0.222 0.010 17.261 -10.840
18.020 66.880 111.122 -301.557 0.237 0.010 17.912 -10.688
18.700 67.957 107.660 -346.184 0.254 0.010 18.571 -10.523
19.390 68.994 103.678 -398.211 0.272 0.010 19.237 -10.343
20.090 69.985 99.098 -457.927 0.290 0.010 19.910 -10.150
20.799 70.923 93.845 -525.368 0.308 0.010 20.588 -9.941
21.517 71.802 87.842 -600.276 0.328 0.010 21.270 -9.716
22.243 72.642 84.028 -381.435 0.348 0.010 21.955 -9.475
22.978 73.467 82.511 -151.696 0.369 0.010 22.643 -9.217
23.721 74.270 80.326 -218.496 0.391 0.010 23.333 -8.942
24.471 75.044 77.416 -290.920 0.413 0.010 24.023 -8.649
25.229 75.782 73.736 -368.003 0.436 0.010 24.714 -8.337
25.994 76.474 69.252 -448.391 0.459 0.010 25.404 -8.006
26.765 77.114 63.949 -530.382 0.483 0.010 26.091 -7.656
27.542 77.692 57.829 -611.962 0.507 0.010 26.774 -7.287
28.324 78.201 50.921 -690.841 0.532 0.010 27.453 -6.899
29.110 78.634 43.275 -764.578 0.557 0.010 28.126 -6.491
29.900 78.984 34.968 -830.657 0.583 0.010 28.791 -6.065
30.692 79.245 26.102 -886.674 0.608 0.010 29.447 -5.621
31.487 79.413 16.797 -930.470 0.634 0.010 30.093 -5.159
32.281 79.485 7.194 -960.265 0.660 0.010 30.727 -4.680
33.076 79.459 -2.554 -974.822 0.686 0.010 31.348 -4.185
33.869 79.336 -12.289 -973.504 0.711 0.010 31.956 -3.674
34.661 79.118 -21.853 -956.362 0.737 0.010 32.549 -3.150
35.449 78.807 -31.094 -924.093 0.762 0.010 33.125 -2.613
36.233 78.408 -39.874 -878.016 0.787 0.010 33.686 -2.065
37.012 77.927 -48.073 -819.956 0.812 0.010 34.229 -1.506
37.786 77.371 -55.594 -752.117 0.836 0.010 34.755 -0.938
38.553 76.748 -62.364 -676.935 0.859 0.010 35.263 -0.363
39.314 76.064 -68.333 -596.914 0.882 0.010 35.753 0.219
40.067 75.330 -73.478 -514.504 0.905 0.010 36.225 0.806
40.813 74.552 -77.798 -431.959 0.927 0.010 36.679 1.397
41.550 73.739 -81.310 -351.272 0.948 0.010 37.115 1.991
42.279 72.898 -84.051 -274.097 0.968 0.010 37.535 2.588
42.999 72.037 -86.069 -201.747 0.988 0.010 37.937 3.185
43.711 71.163 -87.420 -135.160 1.007 0.010 38.323 3.783
44.414 70.281 -88.170 -74.960 1.025 0.010 38.693 4.380
45.108 69.398 -88.385 -21.465 1.043 0.010 39.048 4.977
45.793 68.516 -88.132 25.258 1.060 0.010 39.388 5.572
46.469 67.642 -87.479 65.346 1.076 0.010 39.714 6.164
47.137 66.777 -86.488 99.085 1.091 0.010 40.027 6.754
47.796 65.924 -85.219 126.898 1.106 0.010 40.327 7.341
48.447 65.087 -83.726 149.236 1.120 0.010 40.615 7.925
49.090 64.267 -82.060 166.634 1.133 0.010 40.891 8.505
49.725 63.464 -80.264 179.621 1.146 0.010 41.156 9.082
50.351 62.680 -78.377 188.720 1.158 0.010 41.411 9.655
50.971 61.916 -76.432 194.432 1.169 0.010 41.656 10.223
51.582 61.171 -74.460 197.233 1.180 0.010 41.892 10.787
52.187 60.446 -72.484 197.553 1.190 0.010 42.120 11.348
52.784 59.741 -70.527 195.792 1.200 0.010 42.339 11.903
53.375 59.055 -68.604 192.295 1.209 0.010 42.550 12.455
53.959 58.388 -66.730 187.375 1.218 0.010 42.755 13.002
54.536 57.739 -64.917 181.297 1.226 0.010 42.952 13.544
55.107 57.107 -63.174 174.301 1.233 0.010 43.143 14.082
55.672 56.492 -61.508 166.581 1.240 0.010 43.329 14.616
56.231 55.893 -59.925 158.308 1.246 0.010 43.509 15.145
56.784 55.308 -58.429 149.622 1.252 0.010 43.683 15.670
57.331 54.738 -57.022 140.641 1.258 0.010 43.853 16.190
57.873 54.181 -55.708 131.460 1.263 0.010 44.018 16.706
58.409 53.636 -54.486 122.161 1.268 0.010 44.180 17.218
58.940 53.103 -53.358 112.799 1.272 0.010 44.337 17.725
59.466 52.579 -52.324 103.430 1.276 0.010 44.491 18.228
59.987 52.065 -51.383 94.088 1.279 0.010 44.642 18.726
60.503 51.560 -50.535 84.800 1.282 0.010 44.789 19.220
61.013 51.062 -49.779 75.592 1.284 0.010 44.934 19.710
61.519 50.571 -49.114 66.471 1.287 0.010 45.076 20.195
62.020 50.086 -48.540 57.448 1.288 0.010 45.216 20.676
62.516 49.605 -48.055 48.528 1.290 0.010 45.354 21.152
63.007 49.129 -47.657 39.712 1.290 0.010 45.490 21.625
63.494 48.655 -47.347 30.997 1.291 0.010 45.625 22.092
63.975 48.184 -47.124 22.381 1.291 0.010 45.758 22.555
64.453 47.714 -46.985 13.860 1.291 0.010 45.890 23.014
64.925 47.245 -46.931 5.429 1.290 0.010 46.020 23.468
65.393 46.775 -46.960 -2.915 1.289 0.010 46.150 23.917
65.856 46.305 -47.072 -11.175 1.288 0.010 46.279 24.362
66.314 45.832 -47.265 -19.354 1.286 0.010 46.407 24.802
66.768 45.356 -47.540 -27.448 1.284 0.010 46.535 25.237
67.217 44.878 -47.894 -35.460 1.281 0.010 46.663 25.667
67.660 44.394 -48.328 -43.376 1.278 0.010 46.790 26.093
68.100 43.906 -48.840 -51.190 1.275 0.010 46.917 26.513
68.534 43.412 -49.429 -58.886 1.271 0.010 47.044 26.928
68.963 42.911 -50.093 -66.439 1.267 0.010 47.172 27.338
69.387 42.402 -50.831 -73.824 1.263 0.010 47.299 27.742
69.806 41.886 -51.641 -81.005 1.258 0.010 47.428 28.141
70.219 41.361 -52.521 -87.934 1.252 0.010 47.556 28.534
70.627 40.826 -53.466 -94.560 1.246 0.010 47.685 28.921
71.030 40.281 -54.475 -100.811 1.240 0.010 47.815 29.303
71.428 39.726 -55.541 -106.613 1.233 0.010 47.945 29.678
71.819 39.159 -56.659 -111.869 1.226 0.010 48.076 30.047
72.205 38.581 -57.824 -116.468 1.218 0.010 48.208 30.410
72.585 37.991 -59.027 -120.287 1.210 0.010 48.341 30.766
72.959 37.388 -60.259 -123.177 1.201 0.010 48.474 31.115
73.326 36.773 -61.508 -124.974 1.192 0.010 48.609 31.457
73.688 36.145 -62.763 -125.488 1.182 0.010 48.744 31.792
74.043 35.505 -64.008 -124.517 1.172 0.010 48.880 32.120
74.392 34.853 -65.227 -121.829 1.161 0.010 49.017 32.441
74.733 34.189 -66.398 -117.172 1.150 0.010 49.155 32.753
75.069 33.514 -67.501 -110.290 1.138 0.010 49.294 33.059
75.397 32.829 -68.510 -100.891 1.126 0.010 49.433 33.356
75.718 32.135 -69.397 -88.691 1.113 0.010 49.574 33.645
76.033 31.434 -70.131 -73.397 1.099 0.010 49.714 33.926
76.340 30.727 -70.678 -54.727 1.085 0.010 49.856 34.199
76.640 30.017 -71.003 -32.416 1.070 0.010 49.998 34.463
76.933 29.306 -71.065 -6.231 1.055 0.010 50.141 34.719
77.219 28.598 -70.825 24.002 1.039 0.010 50.284 34.967
77.498 27.896 -70.241 58.389 1.022 0.010 50.427 35.206
77.770 27.203 -69.271 96.952 1.005 0.010 50.571 35.437
78.035 26.524 -67.876 139.582 0.988 0.010 50.715 35.659
78.294 25.864 -66.015 186.051 0.969 0.010 50.860 35.874
78.546 25.227 -63.655 235.967 0.951 0.010 51.004 36.081
78.792 24.620 -60.768 288.768 0.932 0.010 51.149 36.280
79.033 24.046 -57.331 343.720 0.912 0.010 51.295 36.471
79.268 23.513 -53.332 399.904 0.892 0.010 51.440 36.656
79.498 23.025 -48.769 456.241 0.871 0.010 51.587 36.833
79.724 22.589 -43.654 511.508 0.850 0.010 51.734 37.005
79.946 22.209 -38.010 564.381 0.829 0.010 51.882 37.170
80.165 21.890 -31.875 613.479 0.808 0.010 52.032 37.330
80.381 21.637 -25.301 657.433 0.786 0.010 52.183 37.485
80.596 21.454 -18.352 694.944 0.764 0.010 52.336 37.635
80.809 21.342 -11.103 724.862 0.743 0.010 52.492 37.781
81.022 21.306 -3.641 746.248 0.721 0.010 52.651 37.923
81.236 21.337 3.066 670.633 0.699 0.010 52.812 38.062
81.450 21.426 8.887 582.086 0.677 0.010 52.978 38.198
81.666 21.571 14.542 565.583 0.656 0.010 53.147 38.332
81.883 21.770 19.885 534.216 0.634 0.010 53.321 38.462
82.104 22.018 24.775 489.000 0.613 0.010 53.500 38.591
82.327 22.309 29.091 431.667 0.593 0.010 53.684 38.718
82.553 22.636 32.734 364.320 0.573 0.010 53.873 38.842
82.783 22.992 35.627 289.289 0.553 0.010 54.067 38.965
83.017 23.369 37.717 208.981 0.534 0.010 54.267 39.086
83.254 23.759 38.975 125.756 0.516 0.010 54.473 39.205
83.496 24.153 39.393 41.797 0.499 0.010 54.684 39.322
83.741 24.543 38.983 -40.961 0.482 0.010 54.901 39.438
83.990 24.921 37.774 -120.900 0.465 0.010 55.122 39.551
84.243 25.279 35.807 -196.738 0.450 0.010 55.349 39.663
84.499 25.610 33.131 -267.531 0.435 0.010 55.580 39.773
84.758 25.908 29.805 -332.660 0.421 0.010 55.816 39.880
85.020 26.167 25.887 -391.789 0.408 0.010 56.056 39.986
85.284 26.381 21.439 -444.829 0.396 0.010 56.298 40.089
85.549 26.546 16.520 -491.884 0.384 0.010 56.544 40.190
85.816 26.658 11.188 -533.213 0.373 0.010 56.792 40.288
86.083 26.713 5.496 -569.178 0.362 0.010 57.041 40.384
86.350 26.708 -0.506 -600.213 0.353 0.010 57.291 40.478
86.617 26.640 -6.774 -626.775 0.344 0.010 57.542 40.569
86.882 26.508 -13.267 -649.342 0.336 0.010 57.792 40.657
87.145 26.308 -19.951 -668.366 0.328 0.010 58.040 40.743
87.405 26.040 -26.794 -684.269 0.321 0.010 58.287 40.826
87.662 25.703 -33.768 -697.428 0.314 0.010 58.531 40.906
87.915 25.310 -39.305 -553.644 0.308 0.010 58.772 40.983
88.164 24.877 -43.255 -395.071 0.303 0.010 59.009 41.058
88.408 24.406 -47.083 -382.797 0.298 0.010 59.243 41.131
88.647 23.898 -50.790 -370.708 0.294 0.010 59.471 41.200
88.881 23.355 -54.376 -358.572 0.290 0.010 59.695 41.267
89.108 22.776 -57.841 -346.486 0.286 0.010 59.913 41.332
89.330 22.164 -61.186 -334.520 0.283 0.010 60.126 41.394
89.545 21.520 -64.413 -322.695 0.280 0.010 60.333 41.454
89.754 20.845 -67.523 -311.022 0.277 0.010 60.533 41.511
89.955 20.140 -70.518 -299.482 0.275 0.010 60.727 41.566
90.149 19.406 -73.399 -288.048 0.273 0.010 60.914 41.619
90.336 18.644 -76.165 -276.681 0.271 0.010 61.093 41.669
90.514 17.856 -78.819 -265.332 0.270 0.010 61.265 41.716
90.685 17.042 -81.358 -253.952 0.268 0.010 61.430 41.762
90.847 16.205 -83.783 -242.490 0.267 0.010 61.586 41.805
91.000 15.344 -86.092 -230.893 0.266 0.010 61.734 41.845
91.145 14.461 -88.283 -219.115 0.265 0.010 61.874 41.883
91.280 13.557 -90.354 -207.111 0.265 0.010 62.004 41.918
91.407 12.653 -90.430 -7.609 0.264 0.010 62.127 41.952
91.524 11.768 -88.450 198.036 0.264 0.010 62.240 41.982
91.633 10.906 -86.262 218.842 0.263 0.010 62.345 42.011
91.734 10.067 -83.883 237.865 0.263 0.010 62.443 42.037
91.827 9.254 -81.327 255.604 0.263 0.010 62.532 42.061
91.911 8.468 -78.606 272.086 0.262 0.010 62.614 42.083
91.988 7.710 -75.733 287.330 0.262 0.010 62.688 42.103
92.058 6.983 -72.719 301.364 0.262 0.010 62.756 42.121
92.121 6.287 -69.577 314.215 0.262 0.010 62.816 42.137
92.177 5.624 -66.318 325.912 0.262 0.010 62.871 42.152
92.227 4.995 -62.953 336.488 0.262 0.010 62.919 42.165
92.271 4.400 -59.493 345.982 0.262 0.010 62.961 42.176
92.310 3.840 -55.949 354.434 0.262 0.010 62.999 42.186
92.343 3.317 -52.330 361.889 0.262 0.010 63.031 42.195
92.371 2.830 -48.646 368.399 0.262 0.010 63.058 42.202
92.395 2.381 -44.906 374.015 0.262 0.010 63.081 42.208
92.415 1.970 -41.118 378.796 0.262 0.010 63.100 42.213
92.431 1.597 -37.290 382.801 0.262 0.010 63.115 42.217
92.443 1.263 -33.429 386.094 0.262 0.010 63.128 42.221
92.453 0.968 -29.541 388.741 0.262 0.010 63.137 42.223
92.460 0.711 -25.633 390.809 0.262 0.010 63.144 42.225
92.465 0.494 -21.710 392.368 0.262 0.010 63.149 42.226
92.468 0.316 -17.775 393.489 0.262 0.010 63.152 42.227
92.470 0.178 -13.832 394.245 0.262 0.010 63.153 42.228
92.471 0.079 -9.885 394.706 0.262 0.010 63.154 42.228
92.471 0.020 -5.936 394.947 0.262 0.010 63.154 42.228
92.471 0.000 -1.985 395.041 0.262 0.010 63.154 42.228
92.471 0.000 -0.005 198.035 0.262 0.010 63.154 42.228
