Position3ToCenterPath
272
0.000 0.040 3.951 395.062 0.000 0.010 0.000 12.188
0.001 0.079 3.950 -0.014 0.000 0.010 0.001 12.188
0.003 0.178 9.876 592.521 0.000 0.010 0.003 12.188
0.006 0.316 13.824 394.838 0.000 0.010 0.006 12.188
0.011 0.494 17.770 394.546 0.000 0.010 0.011 12.188
0.018 0.711 21.710 394.069 0.000 0.010 0.018 12.188
0.028 0.967 25.644 393.360 0.000 0.010 0.028 12.188
0.040 1.263 29.568 392.374 0.000 0.010 0.040 12.188
0.056 1.598 33.478 391.066 0.000 0.010 0.056 12.188
0.076 1.971 37.372 389.391 0.000 0.010 0.076 12.188
0.100 2.384 41.245 387.305 0.000 0.010 0.100 12.188
0.128 2.835 45.093 384.765 0.000 0.010 0.128 12.188
0.161 3.324 48.910 381.731 0.000 0.010 0.161 12.188
0.200 3.851 52.692 378.162 0.000 0.010 0.200 12.188
0.244 4.415 56.432 374.020 0.000 0.010 0.244 12.188
0.294 5.016 60.125 369.267 0.000 0.010 0.294 12.188
0.351 5.654 63.763 363.869 0.000 0.010 0.351 12.188
0.414 6.327 67.341 357.792 0.000 0.010 0.414 12.188
0.484 7.036 70.851 351.005 0.000 0.010 0.484 12.188
0.562 7.779 74.286 343.476 0.000 0.010 0.562 12.188
0.648 8.555 77.638 335.178 0.001 0.010 0.648 12.188
0.741 9.364 80.899 326.080 0.001 0.010 0.741 12.188
0.843 10.205 84.060 316.155 0.001 0.010 0.843 12.188
0.954 11.076 87.114 305.374 0.001 0.010 0.954 12.188
1.074 11.976 90.051 293.707 0.001 0.010 1.074 12.188
1.203 12.905 92.862 281.118 0.002 0.010 1.203 12.188
1.342 13.860 95.538 267.570 0.002 0.010 1.342 12.188
1.490 14.822 96.179 64.148 0.003 0.010 1.490 12.189
1.648 15.770 94.822 -135.760 0.003 0.010 1.648 12.189
1.815 16.704 93.378 -144.369 0.004 0.010 1.815 12.190
1.991 17.623 91.848 -152.999 0.005 0.010 1.991 12.191
2.176 18.525 90.231 -161.696 0.006 0.010 2.176 12.192
2.370 19.410 88.526 -170.527 0.007 0.010 2.370 12.193
2.573 20.278 86.730 -179.544 0.008 0.010 2.573 12.195
2.784 21.126 84.842 -188.826 0.010 0.010 2.784 12.197
3.004 21.955 82.858 -198.452 0.012 0.010 3.004 12.199
3.231 22.762 80.773 -208.498 0.013 0.010 3.231 12.202
3.467 23.548 78.582 -219.067 0.016 0.010 3.467 12.205
3.710 24.311 76.280 -230.246 0.018 0.010 3.710 12.209
3.960 25.049 73.858 -242.148 0.021 0.010 3.960 12.214
4.218 25.763 71.309 -254.880 0.024 0.010 4.218 12.220
4.483 26.449 68.624 -268.552 0.027 0.010 4.482 12.226
4.754 27.107 65.791 -283.295 0.030 0.010 4.753 12.234
5.031 27.735 62.799 -299.225 0.034 0.010 5.030 12.243
5.314 28.331 59.634 -316.477 0.039 0.010 5.314 12.253
5.603 28.878 54.645 -498.830 0.043 0.010 5.602 12.265
5.897 29.357 47.920 -672.558 0.049 0.010 5.895 12.279
6.194 29.768 41.150 -676.994 0.054 0.010 6.193 12.294
6.495 30.112 34.336 -681.399 0.060 0.010 6.493 12.311
6.799 30.386 27.479 -685.687 0.067 0.010 6.796 12.330
7.105 30.592 20.582 -689.729 0.074 0.010 7.102 12.352
7.412 30.729 13.648 -693.370 0.082 0.010 7.408 12.376
7.720 30.795 6.684 -696.378 0.090 0.010 7.715 12.402
8.028 30.792 -0.300 -698.480 0.099 0.010 8.021 12.431
8.336 30.720 -7.294 -699.328 0.108 0.010 8.327 12.463
8.641 30.577 -14.279 -698.530 0.118 0.010 8.631 12.498
8.945 30.364 -21.235 -695.586 0.129 0.010 8.932 12.535
9.246 30.083 -28.135 -689.957 0.141 0.010 9.230 12.576
9.543 29.734 -34.944 -680.994 0.153 0.010 9.524 12.619
9.836 29.317 -41.625 -668.005 0.166 0.010 9.814 12.666
10.125 28.836 -48.126 -650.196 0.180 0.010 10.098 12.715
10.408 28.292 -54.394 -626.742 0.194 0.010 10.376 12.768
10.684 27.689 -60.362 -596.779 0.210 0.010 10.647 12.823
10.955 27.029 -65.956 -559.421 0.226 0.010 10.911 12.882
11.218 26.318 -71.094 -513.837 0.243 0.010 11.167 12.943
11.474 25.561 -75.687 -459.284 0.261 0.010 11.415 13.006
11.721 24.765 -79.639 -395.170 0.279 0.010 11.653 13.072
11.961 23.936 -82.850 -321.160 0.299 0.010 11.883 13.141
12.191 23.084 -85.223 -237.226 0.319 0.010 12.103 13.211
12.414 22.217 -86.661 -143.784 0.340 0.010 12.313 13.283
12.627 21.347 -87.078 -41.758 0.362 0.010 12.513 13.356
12.832 20.483 -86.405 67.350 0.385 0.010 12.704 13.431
13.028 19.645 -83.799 260.574 0.408 0.010 12.885 13.507
13.217 18.851 -79.397 440.161 0.432 0.010 13.057 13.583
13.398 18.110 -74.064 533.300 0.456 0.010 13.221 13.661
13.572 17.432 -67.790 627.448 0.481 0.010 13.376 13.740
13.741 16.826 -60.590 719.971 0.507 0.010 13.525 13.820
13.904 16.301 -52.511 807.943 0.533 0.010 13.666 13.901
14.062 15.865 -43.628 888.288 0.559 0.010 13.802 13.983
14.217 15.524 -34.048 957.964 0.586 0.010 13.932 14.067
14.370 15.285 -23.907 1014.145 0.613 0.010 14.058 14.154
14.522 15.152 -13.362 1054.434 0.640 0.010 14.181 14.242
14.673 15.126 -2.592 1077.043 0.667 0.010 14.301 14.334
14.825 15.208 8.217 1080.935 0.694 0.010 14.419 14.430
14.979 15.397 18.877 1065.908 0.720 0.010 14.536 14.530
15.136 15.689 29.203 1032.617 0.747 0.010 14.653 14.635
15.297 16.079 39.028 982.517 0.773 0.010 14.769 14.746
15.462 16.561 48.205 917.742 0.799 0.010 14.886 14.863
15.634 17.127 56.615 840.941 0.824 0.010 15.004 14.987
15.811 17.769 64.166 755.081 0.849 0.010 15.123 15.119
15.996 18.477 70.798 663.246 0.873 0.010 15.244 15.259
16.189 19.242 76.482 568.447 0.897 0.010 15.365 15.408
16.389 20.054 81.217 473.469 0.920 0.010 15.489 15.567
16.598 20.904 85.025 380.748 0.942 0.010 15.614 15.734
16.816 21.784 87.948 292.303 0.964 0.010 15.740 15.912
17.043 22.684 90.045 209.699 0.984 0.010 15.867 16.099
17.279 23.598 91.385 134.051 1.004 0.010 15.996 16.297
17.524 24.518 92.046 66.057 1.024 0.010 16.125 16.505
17.778 25.439 92.106 6.047 1.042 0.010 16.256 16.724
18.042 26.356 91.647 -45.959 1.060 0.010 16.387 16.953
18.315 27.263 90.745 -90.184 1.077 0.010 16.518 17.192
18.596 28.158 89.474 -127.032 1.093 0.010 16.649 17.441
18.886 29.037 87.904 -157.035 1.109 0.010 16.781 17.700
19.185 29.898 86.096 -180.805 1.124 0.010 16.912 17.968
19.493 30.739 84.106 -198.983 1.138 0.010 17.043 18.246
19.808 31.559 81.984 -212.223 1.151 0.010 17.173 18.534
20.132 32.357 79.772 -221.165 1.164 0.010 17.303 18.830
20.463 33.132 77.508 -226.402 1.176 0.010 17.432 19.135
20.802 33.884 75.223 -228.499 1.188 0.010 17.561 19.449
21.148 34.613 72.944 -227.949 1.199 0.010 17.688 19.771
21.502 35.320 70.692 -225.223 1.209 0.010 17.815 20.100
21.862 36.005 68.485 -220.697 1.219 0.010 17.941 20.438
22.228 36.669 66.337 -214.743 1.228 0.010 18.065 20.783
22.601 37.311 64.261 -207.642 1.237 0.010 18.189 21.135
22.981 37.934 62.264 -199.655 1.245 0.010 18.312 21.494
23.366 38.537 60.354 -191.007 1.253 0.010 18.433 21.859
23.757 39.123 58.536 -181.863 1.261 0.010 18.554 22.231
24.154 39.691 56.812 -172.385 1.267 0.010 18.674 22.610
24.557 40.243 55.185 -162.686 1.274 0.010 18.793 22.994
24.964 40.779 53.656 -152.868 1.280 0.010 18.911 23.384
25.377 41.301 52.226 -143.007 1.285 0.010 19.029 23.780
25.796 41.810 50.894 -133.167 1.290 0.010 19.145 24.182
26.219 42.307 49.661 -123.385 1.295 0.010 19.262 24.589
26.647 42.792 48.524 -113.705 1.299 0.010 19.377 25.001
27.079 43.267 47.482 -104.144 1.303 0.010 19.493 25.418
27.517 43.732 46.535 -94.713 1.307 0.010 19.608 25.840
27.958 44.189 45.681 -85.428 1.310 0.010 19.722 26.266
28.405 44.638 44.918 -76.282 1.312 0.010 19.837 26.698
28.856 45.081 44.245 -67.276 1.315 0.010 19.952 27.134
29.311 45.517 43.661 -58.399 1.317 0.010 20.066 27.574
29.770 45.949 43.165 -49.644 1.319 0.010 20.181 28.019
30.234 46.377 42.755 -40.993 1.320 0.010 20.297 28.468
30.702 46.801 42.430 -32.435 1.321 0.010 20.413 28.922
31.174 47.223 42.191 -23.949 1.321 0.010 20.530 29.379
31.651 47.643 42.036 -15.519 1.322 0.010 20.647 29.841
32.131 48.063 41.964 -7.126 1.322 0.010 20.765 30.307
32.616 48.483 41.977 1.251 1.321 0.010 20.885 30.777
33.105 48.903 42.073 9.630 1.321 0.010 21.006 31.250
33.598 49.326 42.254 18.032 1.319 0.010 21.128 31.728
34.096 49.751 42.518 26.477 1.318 0.010 21.252 32.210
34.598 50.180 42.868 34.982 1.316 0.010 21.378 32.696
35.104 50.613 43.304 43.566 1.314 0.010 21.506 33.185
35.614 51.051 43.826 52.247 1.312 0.010 21.636 33.679
36.129 51.495 44.437 61.035 1.309 0.010 21.769 34.177
36.649 51.947 45.136 69.950 1.306 0.010 21.905 34.678
37.173 52.406 45.926 78.998 1.302 0.010 22.043 35.184
37.702 52.874 46.808 88.181 1.298 0.010 22.184 35.693
38.235 53.352 47.783 97.514 1.294 0.010 22.329 36.207
38.774 53.841 48.853 106.981 1.289 0.010 22.478 36.724
39.317 54.341 50.019 116.577 1.284 0.010 22.630 37.246
39.866 54.854 51.282 126.292 1.278 0.010 22.787 37.771
40.419 55.380 52.642 136.092 1.272 0.010 22.949 38.301
40.979 55.921 54.102 145.945 1.265 0.010 23.115 38.835
41.543 56.478 55.660 155.793 1.258 0.010 23.287 39.373
42.114 57.051 57.316 165.589 1.251 0.010 23.464 39.915
42.690 57.641 59.068 175.225 1.243 0.010 23.648 40.462
43.273 58.251 60.914 184.621 1.235 0.010 23.837 41.012
43.862 58.879 62.850 193.623 1.226 0.010 24.034 41.567
44.457 59.528 64.871 202.098 1.216 0.010 24.238 42.126
45.059 60.197 66.970 209.837 1.206 0.010 24.450 42.690
45.668 60.889 69.136 216.621 1.196 0.010 24.670 43.258
46.284 61.602 71.358 222.181 1.184 0.010 24.899 43.830
46.907 62.339 73.620 226.196 1.173 0.010 25.137 44.406
47.538 63.098 75.903 228.320 1.160 0.010 25.385 44.986
48.177 63.879 78.184 228.114 1.147 0.010 25.644 45.570
48.824 64.684 80.435 225.136 1.134 0.010 25.914 46.158
49.479 65.510 82.624 218.841 1.119 0.010 26.195 46.749
50.142 66.357 84.711 208.679 1.104 0.010 26.489 47.344
50.815 67.224 86.651 194.021 1.088 0.010 26.796 47.942
51.496 68.108 88.393 174.234 1.072 0.010 27.117 48.543
52.186 69.006 89.880 148.664 1.055 0.010 27.453 49.146
52.885 69.917 91.047 116.672 1.037 0.010 27.803 49.751
53.593 70.835 91.823 77.667 1.018 0.010 28.169 50.357
54.311 71.756 92.135 31.145 0.998 0.010 28.552 50.964
55.038 72.675 91.902 -23.238 0.978 0.010 28.952 51.571
55.773 73.586 91.046 -85.643 0.957 0.010 29.369 52.177
56.518 74.481 89.486 -155.979 0.936 0.010 29.805 52.782
57.272 75.352 87.148 -233.785 0.913 0.010 30.259 53.383
58.034 76.192 83.966 -318.263 0.890 0.010 30.731 53.981
58.804 76.991 79.884 -408.155 0.866 0.010 31.223 54.573
59.581 77.739 74.866 -501.767 0.842 0.010 31.734 55.159
60.365 78.428 68.897 -596.942 0.817 0.010 32.263 55.737
61.156 79.048 61.986 -691.133 0.791 0.010 32.812 56.307
61.952 79.590 54.171 -781.482 0.765 0.010 33.379 56.866
62.752 80.045 45.522 -864.923 0.739 0.010 33.963 57.412
63.556 80.407 36.138 -938.401 0.712 0.010 34.564 57.946
64.363 80.668 26.147 -999.018 0.686 0.010 35.182 58.465
65.171 80.825 15.705 -1044.262 0.659 0.010 35.814 58.969
65.980 80.875 4.983 -1072.188 0.632 0.010 36.461 59.455
66.788 80.817 -5.833 -1081.569 0.605 0.010 37.119 59.923
67.595 80.651 -16.553 -1072.010 0.578 0.010 37.789 60.373
68.398 80.381 -26.993 -1043.962 0.551 0.010 38.468 60.803
69.198 80.011 -36.980 -998.701 0.525 0.010 39.155 61.213
69.994 79.548 -46.362 -938.214 0.499 0.010 39.848 61.603
70.784 78.998 -55.012 -865.051 0.474 0.010 40.546 61.973
71.568 78.369 -62.833 -782.115 0.449 0.010 41.248 62.322
72.344 77.672 -69.758 -692.480 0.425 0.010 41.952 62.650
73.113 76.914 -75.750 -599.196 0.401 0.010 42.656 62.959
73.875 76.106 -80.801 -505.115 0.378 0.010 43.360 63.248
74.627 75.248 -85.852 -505.069 0.355 0.010 44.063 63.517
75.370 74.318 -93.016 -716.363 0.334 0.010 44.762 63.768
76.103 73.305 -101.256 -824.052 0.313 0.010 45.457 64.001
76.825 72.221 -108.425 -716.929 0.293 0.010 46.147 64.217
77.536 71.075 -114.599 -617.387 0.274 0.010 46.829 64.415
78.235 69.876 -119.867 -526.763 0.255 0.010 47.504 64.598
78.921 68.633 -124.325 -445.817 0.238 0.010 48.169 64.765
79.595 67.352 -128.073 -374.814 0.221 0.010 48.825 64.918
80.255 66.040 -131.209 -313.627 0.205 0.010 49.471 65.058
80.902 64.702 -133.828 -261.850 0.190 0.010 50.105 65.185
81.536 63.342 -136.016 -218.825 0.176 0.010 50.728 65.300
82.155 61.963 -137.854 -183.773 0.162 0.010 51.339 65.404
82.761 60.569 -139.412 -155.850 0.149 0.010 51.937 65.498
83.353 59.161 -140.754 -134.183 0.137 0.010 52.523 65.583
83.930 57.742 -141.933 -117.898 0.126 0.010 53.095 65.658
84.493 56.312 -142.995 -106.182 0.115 0.010 53.654 65.726
85.042 54.872 -143.978 -98.289 0.105 0.010 54.200 65.786
85.576 53.423 -144.913 -93.521 0.096 0.010 54.731 65.840
86.096 51.965 -145.826 -91.262 0.087 0.010 55.249 65.888
86.601 50.498 -146.736 -91.002 0.079 0.010 55.752 65.930
87.091 49.021 -147.658 -92.256 0.072 0.010 56.241 65.967
87.566 47.535 -148.605 -94.654 0.065 0.010 56.715 65.999
88.027 46.039 -149.584 -97.875 0.058 0.010 57.174 66.028
88.472 44.533 -150.600 -101.648 0.052 0.010 57.619 66.052
88.902 43.016 -151.658 -105.776 0.047 0.010 58.049 66.074
89.317 41.489 -152.759 -110.106 0.042 0.010 58.463 66.092
89.716 39.950 -153.904 -114.516 0.037 0.010 58.862 66.108
90.101 38.406 -154.413 -50.894 0.033 0.010 59.246 66.121
90.469 36.878 -152.735 167.804 0.029 0.010 59.615 66.133
90.823 35.382 -149.623 311.159 0.026 0.010 59.968 66.143
91.162 33.915 -146.680 294.319 0.023 0.010 60.307 66.151
91.487 32.476 -143.893 278.761 0.020 0.010 60.632 66.158
91.798 31.064 -141.249 264.346 0.017 0.010 60.943 66.163
92.094 29.676 -138.739 250.973 0.015 0.010 61.239 66.168
92.378 28.313 -136.354 238.499 0.013 0.010 61.523 66.172
92.647 26.972 -134.086 226.826 0.011 0.010 61.792 66.175
92.904 25.653 -131.928 215.840 0.009 0.010 62.049 66.178
93.147 24.354 -129.873 205.438 0.008 0.010 62.292 66.180
93.378 23.075 -127.918 195.523 0.007 0.010 62.523 66.182
93.596 21.814 -126.058 186.014 0.006 0.010 62.741 66.183
93.802 20.571 -124.290 176.815 0.005 0.010 62.947 66.184
93.995 19.345 -122.611 167.860 0.004 0.010 63.140 66.185
94.177 18.135 -121.020 159.078 0.003 0.010 63.322 66.186
94.346 16.940 -119.516 150.404 0.003 0.010 63.491 66.186
94.504 15.759 -118.099 141.785 0.002 0.010 63.649 66.187
94.650 14.597 -116.154 194.430 0.002 0.010 63.795 66.187
94.784 13.475 -112.269 388.486 0.001 0.010 63.929 66.187
94.909 12.404 -107.085 518.431 0.001 0.010 64.053 66.187
95.022 11.384 -102.033 505.174 0.001 0.010 64.167 66.187
95.126 10.412 -97.105 492.863 0.001 0.010 64.271 66.187
95.221 9.490 -92.290 481.464 0.000 0.010 64.366 66.187
95.308 8.614 -87.581 470.941 0.000 0.010 64.452 66.187
95.385 7.784 -82.968 461.266 0.000 0.010 64.530 66.187
95.455 7.000 -78.444 452.410 0.000 0.010 64.600 66.187
95.518 6.260 -74.001 444.344 0.000 0.010 64.663 66.187
95.574 5.563 -69.630 437.039 0.000 0.010 64.718 66.187
95.623 4.910 -65.325 430.466 0.000 0.010 64.768 66.187
95.666 4.299 -61.080 424.595 0.000 0.010 64.811 66.187
95.703 3.730 -56.886 419.392 0.000 0.010 64.848 66.187
95.735 3.203 -52.737 414.825 0.000 0.010 64.880 66.187
95.762 2.717 -48.629 410.857 0.000 0.010 64.907 66.187
95.785 2.271 -44.554 407.451 0.000 0.010 64.930 66.187
95.804 1.866 -40.509 404.567 0.000 0.010 64.948 66.187
95.819 1.501 -36.487 402.166 0.000 0.010 64.963 66.187
95.830 1.176 -32.485 400.206 0.000 0.010 64.975 66.187
95.839 0.891 -28.498 398.644 0.000 0.010 64.984 66.187
95.846 0.646 -24.524 397.435 0.000 0.010 64.991 66.187
95.850 0.441 -20.559 396.535 0.000 0.010 64.995 66.187
95.853 0.275 -16.600 395.898 0.000 0.010 64.998 66.187
95.854 0.148 -12.645 395.480 0.000 0.010 64.999 66.187
95.855 0.061 -8.693 395.233 0.000 0.010 65.000 66.187
95.855 0.014 -4.742 395.112 0.000 0.010 65.000 66.187
95.855 0.000 -1.383 335.845 0.000 0.010 65.000 66.187
0.000 0.040 3.951 395.062 0.000 0.010 0.000 -12.187
0.001 0.079 3.951 0.014 0.000 0.010 0.001 -12.187
0.003 0.178 9.877 592.664 0.000 0.010 0.003 -12.187
0.006 0.316 13.830 395.286 0.000 0.010 0.006 -12.187
0.011 0.494 17.786 395.577 0.000 0.010 0.011 -12.187
0.018 0.711 21.747 396.055 0.000 0.010 0.018 -12.187
0.028 0.969 25.714 396.763 0.000 0.010 0.028 -12.187
0.040 1.265 29.692 397.749 0.000 0.010 0.040 -12.187
0.056 1.602 33.682 399.057 0.000 0.010 0.056 -12.187
0.076 1.979 37.690 400.733 0.000 0.010 0.076 -12.187
0.100 2.396 41.718 402.819 0.000 0.010 0.100 -12.187
0.129 2.854 45.771 405.358 0.000 0.010 0.129 -12.187
0.162 3.353 49.855 408.392 0.000 0.010 0.162 -12.187
0.201 3.892 53.975 411.961 0.000 0.010 0.201 -12.187
0.246 4.474 58.136 416.103 0.000 0.010 0.246 -12.187
0.297 5.097 62.345 420.856 0.000 0.010 0.297 -12.187
0.354 5.763 66.607 426.254 0.000 0.010 0.354 -12.187
0.419 6.473 70.930 432.331 0.000 0.010 0.419 -12.187
0.491 7.226 75.322 439.118 0.000 0.010 0.491 -12.187
0.572 8.024 79.788 446.647 0.000 0.010 0.572 -12.187
0.660 8.867 84.337 454.946 0.001 0.010 0.660 -12.187
0.758 9.757 88.978 464.043 0.001 0.010 0.758 -12.187
0.865 10.694 93.718 473.968 0.001 0.010 0.865 -12.187
0.982 11.680 98.565 484.749 0.001 0.010 0.982 -12.187
1.109 12.715 103.529 496.417 0.001 0.010 1.109 -12.187
1.247 13.801 108.619 509.006 0.002 0.010 1.247 -12.187
1.396 14.940 113.845 522.552 0.002 0.010 1.396 -12.186
1.557 16.111 117.154 330.913 0.003 0.010 1.557 -12.186
1.730 17.296 118.512 135.760 0.003 0.010 1.730 -12.186
1.915 18.496 119.955 144.368 0.004 0.010 1.915 -12.185
2.112 19.711 121.485 152.997 0.005 0.010 2.112 -12.184
2.322 20.942 123.102 161.699 0.006 0.010 2.322 -12.183
2.544 22.190 124.807 170.522 0.007 0.010 2.544 -12.181
2.778 23.456 126.603 179.543 0.008 0.010 2.778 -12.179
3.026 24.741 128.491 188.825 0.010 0.010 3.026 -12.177
3.286 26.045 130.476 198.445 0.012 0.010 3.286 -12.174
3.560 27.371 132.561 208.497 0.013 0.010 3.560 -12.171
3.847 28.719 134.751 219.059 0.016 0.010 3.847 -12.167
4.148 30.089 137.054 230.243 0.018 0.010 4.148 -12.162
4.463 31.484 139.475 242.141 0.021 0.010 4.462 -12.156
4.792 32.904 142.024 254.867 0.024 0.010 4.791 -12.148
5.135 34.351 144.709 268.544 0.027 0.010 5.135 -12.140
5.493 35.827 147.542 283.280 0.030 0.010 5.493 -12.130
5.867 37.332 150.534 299.212 0.034 0.010 5.866 -12.118
6.256 38.869 153.699 316.458 0.039 0.010 6.255 -12.103
6.660 40.416 154.736 103.748 0.043 0.010 6.658 -12.087
7.079 41.952 153.560 -117.590 0.049 0.010 7.077 -12.068
7.514 43.476 152.429 -113.150 0.054 0.010 7.512 -12.045
7.964 44.990 151.341 -108.754 0.060 0.010 7.961 -12.020
8.429 46.493 150.296 -104.474 0.067 0.010 8.425 -11.990
8.909 47.985 149.292 -100.424 0.074 0.010 8.903 -11.956
9.403 49.469 148.324 -96.795 0.082 0.010 9.397 -11.918
9.913 50.943 147.386 -93.789 0.090 0.010 9.904 -11.874
10.437 52.407 146.469 -91.695 0.099 0.010 10.426 -11.825
10.975 53.863 145.561 -90.839 0.108 0.010 10.962 -11.769
11.529 55.309 144.644 -91.656 0.118 0.010 11.511 -11.707
12.096 56.746 143.698 -94.593 0.129 0.010 12.074 -11.637
12.678 58.173 142.696 -100.236 0.141 0.010 12.651 -11.558
13.274 59.589 141.604 -109.190 0.153 0.010 13.240 -11.471
13.884 60.993 140.382 -122.197 0.166 0.010 13.842 -11.374
14.507 62.383 138.982 -140.000 0.180 0.010 14.457 -11.267
15.145 63.756 137.348 -163.449 0.194 0.010 15.083 -11.148
15.796 65.111 135.413 -193.426 0.210 0.010 15.721 -11.018
16.460 66.442 133.106 -230.778 0.226 0.010 16.370 -10.874
17.138 67.745 130.342 -276.352 0.243 0.010 17.029 -10.717
17.828 69.015 127.033 -330.906 0.261 0.010 17.697 -10.545
18.531 70.246 123.083 -395.004 0.279 0.010 18.374 -10.358
19.245 71.430 118.393 -469.016 0.299 0.010 19.059 -10.154
19.970 72.559 112.864 -552.926 0.319 0.010 19.750 -9.933
20.707 73.623 106.400 -646.344 0.340 0.010 20.447 -9.695
21.453 74.612 98.917 -748.356 0.362 0.010 21.147 -9.438
22.208 75.515 90.342 -857.441 0.385 0.010 21.851 -9.163
22.971 76.353 83.786 -655.596 0.408 0.010 22.555 -8.868
23.743 77.147 79.385 -440.134 0.432 0.010 23.259 -8.554
24.522 77.888 74.052 -533.244 0.456 0.010 23.963 -8.219
25.307 78.565 67.779 -627.378 0.481 0.010 24.664 -7.864
26.099 79.171 60.580 -719.874 0.507 0.010 25.361 -7.489
26.896 79.696 52.502 -807.822 0.533 0.010 26.052 -7.093
27.697 80.132 43.620 -888.152 0.559 0.010 26.737 -6.676
28.502 80.473 34.042 -957.805 0.586 0.010 27.413 -6.240
29.309 80.712 23.902 -1013.972 0.613 0.010 28.080 -5.785
30.118 80.845 13.360 -1054.249 0.640 0.010 28.735 -5.311
30.926 80.871 2.591 -1076.854 0.667 0.010 29.377 -4.819
31.734 80.789 -8.216 -1080.743 0.694 0.010 30.005 -4.311
32.540 80.600 -18.873 -1065.721 0.720 0.010 30.618 -3.788
33.343 80.308 -29.198 -1032.440 0.747 0.010 31.214 -3.250
34.143 79.918 -39.021 -982.352 0.773 0.010 31.793 -2.699
34.937 79.436 -48.197 -917.595 0.799 0.010 32.355 -2.137
35.726 78.870 -56.605 -840.814 0.824 0.010 32.897 -1.565
36.508 78.229 -64.155 -754.975 0.849 0.010 33.421 -0.984
37.283 77.521 -70.787 -663.163 0.873 0.010 33.926 -0.396
38.051 76.756 -76.470 -568.387 0.897 0.010 34.412 0.198
38.810 75.944 -81.205 -473.427 0.920 0.010 34.880 0.797
39.561 75.094 -85.012 -380.728 0.942 0.010 35.328 1.399
40.303 74.215 -87.935 -292.301 0.964 0.010 35.758 2.004
41.036 73.314 -90.032 -209.711 0.984 0.010 36.170 2.611
41.760 72.401 -91.373 -134.078 1.004 0.010 36.564 3.218
42.475 71.480 -92.034 -66.093 1.024 0.010 36.942 3.825
43.181 70.559 -92.095 -6.092 1.042 0.010 37.304 4.431
43.877 69.643 -91.636 45.908 1.060 0.010 37.649 5.035
44.565 68.736 -90.734 90.129 1.077 0.010 37.980 5.637
45.243 67.841 -89.465 126.973 1.093 0.010 38.297 6.237
45.913 66.962 -87.895 156.978 1.109 0.010 38.600 6.835
46.574 66.101 -86.087 180.743 1.124 0.010 38.890 7.428
47.226 65.260 -84.098 198.923 1.138 0.010 39.168 8.019
47.871 64.440 -81.977 212.171 1.151 0.010 39.435 8.606
48.507 63.643 -79.765 221.107 1.164 0.010 39.690 9.189
49.136 62.868 -77.502 226.352 1.176 0.010 39.935 9.767
49.757 62.115 -75.217 228.443 1.188 0.010 40.171 10.342
50.371 61.386 -72.938 227.910 1.199 0.010 40.397 10.913
50.978 60.679 -70.687 225.170 1.209 0.010 40.614 11.479
51.577 59.994 -68.480 220.665 1.219 0.010 40.824 12.042
52.171 59.331 -66.333 214.699 1.228 0.010 41.026 12.600
52.758 58.689 -64.257 207.605 1.237 0.010 41.220 13.153
53.338 58.066 -62.261 199.628 1.245 0.010 41.408 13.703
53.913 57.462 -60.351 190.971 1.253 0.010 41.590 14.248
54.482 56.877 -58.533 181.839 1.261 0.010 41.765 14.789
55.045 56.309 -56.809 172.357 1.267 0.010 41.935 15.326
55.602 55.757 -55.182 162.662 1.274 0.010 42.100 15.858
56.155 55.221 -53.654 152.846 1.280 0.010 42.260 16.387
56.702 54.698 -52.224 142.987 1.285 0.010 42.416 16.911
57.243 54.189 -50.893 133.144 1.290 0.010 42.567 17.432
57.780 53.693 -49.659 123.371 1.295 0.010 42.715 17.948
58.312 53.208 -48.522 113.688 1.299 0.010 42.858 18.460
58.840 52.733 -47.481 104.125 1.303 0.010 42.999 18.968
59.362 52.268 -46.534 94.702 1.307 0.010 43.136 19.473
59.881 51.811 -45.680 85.414 1.310 0.010 43.271 19.973
60.394 51.362 -44.917 76.270 1.312 0.010 43.403 20.469
60.903 50.919 -44.244 67.264 1.315 0.010 43.532 20.962
61.408 50.482 -43.660 58.389 1.317 0.010 43.660 21.450
61.909 50.051 -43.164 49.632 1.319 0.010 43.785 21.935
62.405 49.623 -42.754 40.984 1.320 0.010 43.908 22.415
62.897 49.199 -42.430 32.424 1.321 0.010 44.030 22.892
63.385 48.777 -42.191 23.939 1.321 0.010 44.151 23.365
63.868 48.357 -42.036 15.510 1.322 0.010 44.270 23.833
64.348 47.937 -41.964 7.116 1.322 0.010 44.388 24.298
64.823 47.517 -41.977 -1.260 1.321 0.010 44.505 24.758
65.294 47.097 -42.073 -9.640 1.321 0.010 44.622 25.215
65.761 46.674 -42.254 -18.042 1.319 0.010 44.738 25.667
66.223 46.249 -42.519 -26.486 1.318 0.010 44.853 26.115
66.681 45.820 -42.869 -34.992 1.316 0.010 44.968 26.558
67.135 45.387 -43.304 -43.577 1.314 0.010 45.083 26.998
67.585 44.949 -43.827 -52.256 1.312 0.010 45.197 27.432
68.030 44.504 -44.437 -61.049 1.309 0.010 45.312 27.862
68.470 44.053 -45.137 -69.962 1.306 0.010 45.427 28.287
68.906 43.594 -45.927 -79.008 1.302 0.010 45.542 28.708
69.337 43.126 -46.809 -88.199 1.298 0.010 45.657 29.123
69.764 42.648 -47.784 -97.525 1.294 0.010 45.773 29.534
70.185 42.159 -48.854 -106.996 1.289 0.010 45.889 29.939
70.602 41.659 -50.020 -116.597 1.284 0.010 46.006 30.339
71.014 41.146 -51.283 -126.309 1.278 0.010 46.124 30.733
71.420 40.620 -52.645 -136.112 1.272 0.010 46.243 31.122
71.820 40.079 -54.104 -145.963 1.265 0.010 46.362 31.504
72.216 39.522 -55.662 -155.822 1.258 0.010 46.482 31.881
72.605 38.949 -57.318 -165.608 1.251 0.010 46.603 32.251
72.989 38.358 -59.071 -175.256 1.243 0.010 46.725 32.615
73.366 37.749 -60.917 -184.645 1.235 0.010 46.848 32.972
73.737 37.121 -62.854 -193.660 1.226 0.010 46.972 33.322
74.102 36.472 -64.875 -202.130 1.216 0.010 47.097 33.664
74.460 35.802 -66.974 -209.874 1.206 0.010 47.223 33.999
74.811 35.111 -69.141 -216.660 1.196 0.010 47.350 34.327
75.155 34.397 -71.363 -222.221 1.184 0.010 47.478 34.646
75.492 33.661 -73.625 -226.245 1.173 0.010 47.606 34.957
75.821 32.902 -75.909 -228.362 1.160 0.010 47.736 35.260
76.142 32.120 -78.191 -228.170 1.147 0.010 47.866 35.553
76.455 31.315 -80.443 -225.185 1.134 0.010 47.996 35.838
76.760 30.489 -82.632 -218.900 1.119 0.010 48.127 36.113
77.057 29.642 -84.719 -208.733 1.104 0.010 48.259 36.379
77.344 28.775 -86.660 -194.080 1.088 0.010 48.390 36.635
77.623 27.891 -88.403 -174.295 1.072 0.010 48.522 36.881
77.893 26.992 -89.890 -148.723 1.055 0.010 48.653 37.117
78.154 26.082 -91.057 -116.728 1.037 0.010 48.783 37.343
78.406 25.163 -91.834 -77.719 1.018 0.010 48.914 37.558
78.648 24.242 -92.146 -31.199 0.998 0.010 49.043 37.763
78.881 23.323 -91.914 23.195 0.978 0.010 49.171 37.958
79.105 22.412 -91.058 85.615 0.957 0.010 49.298 38.142
79.321 21.517 -89.499 155.951 0.936 0.010 49.424 38.317
79.527 20.646 -87.161 233.778 0.913 0.010 49.548 38.482
79.725 19.806 -83.978 318.270 0.890 0.010 49.671 38.637
79.915 19.007 -79.896 408.182 0.866 0.010 49.793 38.783
80.098 18.258 -74.878 501.811 0.842 0.010 49.913 38.921
80.273 17.569 -68.908 597.010 0.817 0.010 50.031 39.051
80.443 16.949 -61.996 691.226 0.791 0.010 50.149 39.173
80.607 16.407 -54.180 781.591 0.765 0.010 50.266 39.288
80.767 15.952 -45.529 865.058 0.739 0.010 50.382 39.397
80.922 15.591 -36.144 938.554 0.712 0.010 50.499 39.500
81.076 15.329 -26.152 999.188 0.686 0.010 50.616 39.599
81.227 15.172 -15.708 1044.444 0.659 0.010 50.735 39.694
81.379 15.122 -4.984 1072.376 0.632 0.010 50.856 39.785
81.530 15.181 5.834 1081.761 0.605 0.010 50.979 39.873
81.684 15.346 16.556 1072.198 0.578 0.010 51.107 39.958
81.840 15.616 26.997 1044.142 0.551 0.010 51.239 40.042
82.000 15.986 36.986 998.869 0.525 0.010 51.376 40.124
82.164 16.450 46.370 938.368 0.499 0.010 51.519 40.204
82.334 17.000 55.021 865.183 0.474 0.010 51.669 40.284
82.511 17.628 62.844 782.226 0.449 0.010 51.827 40.362
82.694 18.326 69.769 692.571 0.425 0.010 51.993 40.440
82.885 19.084 75.762 599.265 0.401 0.010 52.168 40.516
83.084 19.892 80.814 505.157 0.378 0.010 52.352 40.592
83.291 20.738 84.680 386.653 0.355 0.010 52.546 40.666
83.507 21.606 86.709 202.887 0.334 0.010 52.749 40.739
83.732 22.476 87.049 33.960 0.313 0.010 52.962 40.810
83.965 23.339 86.317 -73.194 0.293 0.010 53.185 40.880
84.207 24.185 84.589 -172.752 0.274 0.010 53.417 40.948
84.457 25.005 81.955 -263.393 0.255 0.010 53.659 41.013
84.715 25.790 78.512 -344.357 0.238 0.010 53.909 41.076
84.980 26.533 74.358 -415.371 0.221 0.010 54.167 41.136
85.253 27.229 69.592 -476.556 0.205 0.010 54.433 41.194
85.531 27.872 64.309 -528.347 0.190 0.010 54.707 41.248
85.816 28.458 58.595 -571.376 0.176 0.010 54.986 41.300
86.106 28.984 52.531 -606.423 0.162 0.010 55.272 41.349
86.400 29.446 46.187 -634.344 0.149 0.010 55.563 41.394
86.699 29.842 39.627 -656.017 0.137 0.010 55.858 41.437
87.000 30.171 32.904 -672.297 0.126 0.010 56.158 41.476
87.305 30.431 26.064 -684.003 0.115 0.010 56.460 41.513
87.611 30.623 19.145 -691.899 0.105 0.010 56.764 41.547
87.918 30.745 12.179 -696.666 0.096 0.010 57.070 41.578
88.226 30.797 5.190 -698.910 0.087 0.010 57.377 41.606
88.534 30.779 -1.802 -699.178 0.079 0.010 57.683 41.631
88.841 30.691 -8.781 -697.912 0.072 0.010 57.989 41.655
89.146 30.533 -15.736 -695.509 0.065 0.010 58.294 41.675
89.450 30.307 -22.659 -692.290 0.058 0.010 58.596 41.694
89.750 30.011 -29.544 -688.510 0.052 0.010 58.896 41.711
90.046 29.647 -36.388 -684.378 0.047 0.010 59.192 41.725
90.338 29.216 -43.189 -680.048 0.042 0.010 59.484 41.738
90.625 28.716 -49.945 -675.625 0.037 0.010 59.771 41.750
90.907 28.155 -56.153 -620.811 0.033 0.010 60.052 41.760
91.182 27.549 -60.597 -444.428 0.029 0.010 60.328 41.768
91.452 26.912 -63.709 -311.180 0.026 0.010 60.597 41.776
91.714 26.245 -66.652 -294.335 0.023 0.010 60.859 41.782
91.970 25.551 -69.440 -278.768 0.020 0.010 61.115 41.787
92.218 24.830 -72.084 -264.363 0.017 0.010 61.363 41.792
92.459 24.084 -74.594 -250.976 0.015 0.010 61.604 41.796
92.692 23.314 -76.979 -238.509 0.013 0.010 61.837 41.799
92.917 22.522 -79.247 -226.832 0.011 0.010 62.062 41.802
93.134 21.708 -81.405 -215.844 0.009 0.010 62.279 41.804
93.343 20.873 -83.460 -205.441 0.008 0.010 62.488 41.806
93.543 20.019 -85.415 -195.530 0.007 0.010 62.688 41.807
93.734 19.146 -87.275 -186.012 0.006 0.010 62.879 41.809
93.917 18.256 -89.043 -176.818 0.005 0.010 63.062 41.809
94.091 17.348 -90.722 -167.862 0.004 0.010 63.235 41.810
94.255 16.425 -92.313 -159.078 0.003 0.010 63.400 41.811
94.410 15.487 -93.817 -150.405 0.003 0.010 63.555 41.811
94.555 14.535 -95.235 -141.786 0.002 0.010 63.700 41.812
94.691 13.575 -95.995 -75.980 0.002 0.010 63.836 41.812
94.817 12.627 -94.744 125.023 0.001 0.010 63.962 41.812
94.934 11.707 -92.027 271.693 0.001 0.010 64.079 41.812
95.042 10.815 -89.178 284.950 0.001 0.010 64.187 41.812
95.142 9.953 -86.205 297.260 0.001 0.010 64.287 41.812
95.233 9.122 -83.119 308.660 0.000 0.010 64.378 41.812
95.316 8.323 -79.927 319.182 0.000 0.010 64.461 41.812
95.392 7.556 -76.638 328.857 0.000 0.010 64.537 41.812
95.460 6.824 -73.261 337.713 0.000 0.010 64.605 41.812
95.521 6.126 -69.803 345.780 0.000 0.010 64.666 41.812
95.576 5.463 -66.272 353.084 0.000 0.010 64.721 41.812
95.624 4.836 -62.676 359.657 0.000 0.010 64.769 41.812
95.667 4.246 -59.021 365.529 0.000 0.010 64.812 41.812
95.704 3.693 -55.313 370.731 0.000 0.010 64.849 41.812
95.735 3.177 -51.560 375.299 0.000 0.010 64.880 41.812
95.762 2.700 -47.768 379.267 0.000 0.010 64.907 41.812
95.785 2.260 -43.941 382.673 0.000 0.010 64.930 41.812
95.804 1.859 -40.085 385.556 0.000 0.010 64.949 41.812
95.819 1.497 -36.206 387.957 0.000 0.010 64.964 41.812
95.830 1.174 -32.307 389.917 0.000 0.010 64.975 41.812
95.839 0.890 -28.392 391.480 0.000 0.010 64.984 41.812
95.846 0.646 -24.465 392.689 0.000 0.010 64.991 41.812
95.850 0.440 -20.529 393.589 0.000 0.010 64.995 41.812
95.853 0.275 -16.587 394.225 0.000 0.010 64.998 41.812
95.854 0.148 -12.640 394.644 0.000 0.010 64.999 41.812
95.855 0.061 -8.691 394.890 0.000 0.010 65.000 41.812
95.855 0.014 -4.741 395.012 0.000 0.010 65.000 41.812
95.855 0.000 -1.383 335.829 0.000 0.010 65.000 41.812
