Position2ToCenterPath
444
0.000 0.040 3.951 395.062 0.000 0.010 0.000 12.188
0.001 0.079 3.951 -0.003 0.000 0.010 0.001 12.188
0.003 0.178 9.876 592.579 0.000 0.010 0.003 12.188
0.006 0.316 13.827 395.018 0.000 0.010 0.006 12.188
0.011 0.494 17.776 394.962 0.000 0.010 0.011 12.188
0.018 0.711 21.725 394.870 0.000 0.010 0.018 12.188
0.028 0.968 25.672 394.732 0.000 0.010 0.028 12.188
0.040 1.264 29.618 394.541 0.000 0.010 0.040 12.188
0.056 1.600 33.560 394.288 0.000 0.010 0.056 12.188
0.076 1.975 37.500 393.963 0.000 0.010 0.076 12.188
0.100 2.389 41.436 393.557 0.000 0.010 0.100 12.188
0.128 2.843 45.366 393.063 0.000 0.010 0.128 12.188
0.162 3.335 49.291 392.471 0.000 0.010 0.162 12.188
0.200 3.868 53.209 391.774 0.000 0.010 0.200 12.188
0.245 4.439 57.118 390.962 0.000 0.010 0.245 12.188
0.295 5.049 61.019 390.029 0.000 0.010 0.295 12.188
0.352 5.698 64.908 388.965 0.000 0.010 0.352 12.188
0.416 6.386 68.786 387.764 0.000 0.010 0.416 12.188
0.487 7.112 72.650 386.417 0.000 0.010 0.487 12.188
0.566 7.877 76.499 384.917 0.000 0.010 0.566 12.188
0.653 8.681 80.332 383.257 0.000 0.010 0.653 12.188
0.748 9.522 84.146 381.431 0.000 0.010 0.748 12.188
0.852 10.402 87.940 379.428 0.000 0.010 0.852 12.188
0.965 11.319 91.713 377.246 0.000 0.010 0.965 12.188
1.088 12.273 95.462 374.874 0.000 0.010 1.088 12.188
1.221 13.265 99.185 372.306 0.000 0.010 1.221 12.188
1.364 14.294 102.880 369.537 0.000 0.010 1.364 12.188
1.517 15.340 104.587 170.727 0.001 0.010 1.517 12.188
1.681 16.383 104.314 -27.386 0.001 0.010 1.681 12.188
1.855 17.423 104.022 -29.191 0.001 0.010 1.855 12.188
2.040 18.460 103.712 -30.994 0.001 0.010 2.040 12.188
2.235 19.494 103.384 -32.796 0.001 0.010 2.235 12.188
2.440 20.525 103.038 -34.610 0.001 0.010 2.440 12.189
2.655 21.551 102.673 -36.437 0.002 0.010 2.655 12.189
2.881 22.574 102.290 -38.278 0.002 0.010 2.881 12.189
3.117 23.593 101.889 -40.157 0.002 0.010 3.117 12.190
3.363 24.608 101.468 -42.062 0.003 0.010 3.363 12.190
3.619 25.618 101.028 -44.025 0.003 0.010 3.619 12.191
3.885 26.624 100.568 -46.031 0.004 0.010 3.885 12.192
4.162 27.625 100.087 -48.119 0.004 0.010 4.162 12.193
4.448 28.620 99.584 -50.288 0.005 0.010 4.448 12.194
4.744 29.611 99.058 -52.543 0.005 0.010 4.744 12.196
5.050 30.596 98.509 -54.923 0.006 0.010 5.050 12.198
5.366 31.575 97.935 -57.420 0.007 0.010 5.366 12.200
5.691 32.549 97.334 -60.082 0.008 0.010 5.691 12.202
6.026 33.497 94.797 -253.679 0.009 0.010 6.026 12.205
6.370 34.400 90.342 -445.488 0.010 0.010 6.370 12.208
6.723 35.259 85.889 -445.334 0.011 0.010 6.723 12.211
7.084 36.073 81.437 -445.148 0.012 0.010 7.083 12.216
7.452 36.843 76.988 -444.902 0.013 0.010 7.452 12.220
7.828 37.569 72.542 -444.643 0.015 0.010 7.827 12.226
8.210 38.250 68.098 -444.359 0.016 0.010 8.210 12.231
8.599 38.886 63.658 -444.061 0.018 0.010 8.599 12.238
8.994 39.478 59.220 -443.765 0.020 0.010 8.993 12.245
9.394 40.026 54.786 -443.444 0.021 0.010 9.394 12.254
9.799 40.530 50.354 -443.133 0.023 0.010 9.799 12.263
10.209 40.989 45.926 -442.813 0.026 0.010 10.209 12.273
10.623 41.404 41.502 -442.474 0.028 0.010 10.622 12.284
11.041 41.775 37.080 -442.147 0.030 0.010 11.040 12.296
11.462 42.102 32.662 -441.765 0.033 0.010 11.461 12.309
11.886 42.384 28.248 -441.396 0.035 0.010 11.884 12.323
12.312 42.622 23.839 -440.957 0.038 0.010 12.310 12.339
12.740 42.817 19.434 -440.488 0.041 0.010 12.738 12.356
13.170 42.967 15.035 -439.934 0.044 0.010 13.168 12.374
13.601 43.074 10.642 -439.316 0.047 0.010 13.598 12.394
14.032 43.136 6.255 -438.606 0.051 0.010 14.029 12.415
14.464 43.155 1.878 -437.746 0.054 0.010 14.460 12.438
14.895 43.130 -2.490 -436.760 0.058 0.010 14.890 12.462
15.326 43.062 -6.846 -435.592 0.062 0.010 15.320 12.488
15.755 42.950 -11.188 -434.224 0.066 0.010 15.749 12.515
16.183 42.795 -15.514 -432.626 0.070 0.010 16.176 12.545
16.609 42.596 -19.821 -430.743 0.075 0.010 16.600 12.575
17.033 42.373 -22.368 -254.646 0.079 0.010 17.023 12.608
17.454 42.141 -23.199 -83.087 0.084 0.010 17.443 12.642
17.873 41.900 -24.083 -88.413 0.089 0.010 17.860 12.679
18.290 41.650 -25.024 -94.078 0.094 0.010 18.275 12.717
18.703 41.389 -26.025 -100.140 0.100 0.010 18.687 12.757
19.115 41.118 -27.091 -106.544 0.105 0.010 19.096 12.799
19.523 40.836 -28.225 -113.397 0.111 0.010 19.502 12.843
19.928 40.542 -29.431 -120.666 0.117 0.010 19.905 12.890
20.331 40.235 -30.715 -128.420 0.124 0.010 20.304 12.938
20.730 39.914 -32.082 -136.679 0.130 0.010 20.700 12.989
21.126 39.579 -33.537 -145.472 0.137 0.010 21.092 13.041
21.518 39.228 -35.085 -154.834 0.145 0.010 21.481 13.097
21.907 38.860 -36.733 -164.800 0.152 0.010 21.865 13.154
22.291 38.475 -38.487 -175.403 0.160 0.010 22.245 13.214
22.672 38.072 -40.354 -186.648 0.168 0.010 22.621 13.276
23.049 37.649 -42.340 -198.628 0.177 0.010 22.992 13.340
23.421 37.204 -44.453 -211.281 0.185 0.010 23.358 13.407
23.788 36.737 -46.700 -224.707 0.195 0.010 23.718 13.477
24.150 36.246 -49.088 -238.845 0.204 0.010 24.074 13.548
24.508 35.730 -51.626 -253.751 0.214 0.010 24.423 13.623
24.860 35.187 -54.320 -269.378 0.225 0.010 24.767 13.699
25.206 34.615 -57.177 -285.712 0.236 0.010 25.104 13.778
25.546 34.013 -60.203 -302.646 0.247 0.010 25.434 13.860
25.880 33.379 -63.405 -320.181 0.259 0.010 25.757 13.943
26.207 32.711 -66.786 -338.093 0.272 0.010 26.073 14.029
26.527 32.007 -70.349 -356.258 0.285 0.010 26.380 14.117
26.839 31.267 -74.093 -374.411 0.299 0.010 26.680 14.207
27.144 30.486 -78.015 -392.260 0.313 0.010 26.971 14.299
27.441 29.665 -82.109 -409.406 0.328 0.010 27.252 14.392
27.729 28.802 -86.362 -425.286 0.344 0.010 27.524 14.487
28.008 27.894 -90.755 -439.330 0.360 0.010 27.786 14.583
28.277 26.941 -95.263 -450.716 0.378 0.010 28.037 14.681
28.537 25.943 -99.848 -458.498 0.396 0.010 28.278 14.778
28.786 24.898 -104.463 -461.543 0.415 0.010 28.506 14.876
29.024 23.808 -109.048 -458.509 0.435 0.010 28.723 14.974
29.251 22.673 -113.527 -447.845 0.455 0.010 28.928 15.072
29.466 21.495 -117.805 -427.814 0.477 0.010 29.120 15.169
29.668 20.277 -121.769 -396.462 0.500 0.010 29.299 15.264
29.859 19.024 -125.287 -351.760 0.524 0.010 29.465 15.357
30.036 17.742 -128.203 -291.562 0.548 0.010 29.618 15.447
30.200 16.439 -130.341 -213.868 0.574 0.010 29.757 15.535
30.352 15.123 -131.510 -116.877 0.601 0.010 29.883 15.619
30.490 13.808 -131.503 0.721 0.629 0.010 29.995 15.698
30.615 12.507 -130.108 139.510 0.658 0.010 30.095 15.773
30.727 11.236 -127.117 299.034 0.689 0.010 30.183 15.844
30.827 10.013 -122.342 477.515 0.720 0.010 30.260 15.908
30.916 8.857 -115.626 671.588 0.752 0.010 30.325 15.968
30.994 7.788 -106.865 876.132 0.785 0.010 30.381 16.022
31.062 6.828 -96.022 1084.287 0.819 0.010 30.429 16.071
31.122 5.996 -83.146 1287.630 0.853 0.010 30.469 16.115
31.175 5.312 -68.379 1476.648 0.888 0.010 30.503 16.156
31.223 4.793 -51.965 1641.419 0.924 0.010 30.533 16.194
31.267 4.450 -34.240 1772.481 0.959 0.010 30.559 16.230
31.310 4.294 -15.622 1861.792 0.995 0.010 30.583 16.265
31.354 4.328 3.414 1903.612 1.031 0.010 30.606 16.302
31.399 4.552 22.365 1895.180 1.067 0.010 30.629 16.341
31.449 4.959 40.736 1837.047 1.102 0.010 30.652 16.385
31.504 5.540 58.066 1733.012 1.137 0.010 30.676 16.435
31.567 6.280 73.963 1589.662 1.171 0.010 30.701 16.493
31.639 7.161 88.119 1415.611 1.205 0.010 30.728 16.559
31.720 8.164 100.325 1220.583 1.237 0.010 30.756 16.636
31.813 9.269 110.469 1014.455 1.269 0.010 30.785 16.724
31.917 10.454 118.534 806.455 1.300 0.010 30.814 16.824
32.034 11.700 124.579 604.522 1.330 0.010 30.844 16.937
32.164 12.987 128.729 414.972 1.358 0.010 30.873 17.064
32.307 14.299 131.152 242.329 1.386 0.010 30.901 17.204
32.464 15.619 132.046 89.411 1.413 0.010 30.928 17.358
32.633 16.935 131.622 -42.453 1.438 0.010 30.952 17.525
32.815 18.236 130.089 -153.209 1.463 0.010 30.974 17.707
33.010 19.513 127.652 -243.698 1.486 0.010 30.993 17.901
33.218 20.758 124.498 -315.424 1.508 0.010 31.008 18.108
33.438 21.966 120.795 -370.278 1.530 0.010 31.020 18.327
33.669 23.133 116.692 -410.335 1.550 0.010 31.027 18.558
33.911 24.256 112.315 -437.704 1.570 0.010 31.029 18.801
34.165 25.333 107.771 -454.421 1.588 0.010 31.027 19.054
34.428 26.365 103.148 -462.328 1.606 0.010 31.020 19.318
34.702 27.350 98.516 -463.174 1.623 0.010 31.009 19.591
34.985 28.289 93.932 -458.381 1.639 0.010 30.992 19.873
35.277 29.184 89.440 -449.242 1.654 0.010 30.969 20.164
35.577 30.034 85.071 -436.859 1.669 0.010 30.942 20.463
35.885 30.843 80.850 -422.082 1.683 0.010 30.910 20.770
36.202 31.611 76.793 -405.681 1.697 0.010 30.872 21.084
36.525 32.340 72.911 -388.228 1.710 0.010 30.829 21.405
36.855 33.032 69.209 -370.225 1.722 0.010 30.782 21.732
37.192 33.689 65.689 -351.983 1.734 0.010 30.729 22.064
37.535 34.313 62.350 -333.888 1.745 0.010 30.671 22.403
37.884 34.904 59.190 -316.043 1.756 0.010 30.609 22.746
38.239 35.466 56.203 -298.713 1.766 0.010 30.542 23.094
38.599 36.000 53.383 -281.942 1.776 0.010 30.471 23.447
38.964 36.508 50.725 -265.855 1.785 0.010 30.395 23.804
39.334 36.990 48.220 -250.458 1.794 0.010 30.314 24.165
39.708 37.448 45.862 -235.825 1.803 0.010 30.230 24.530
40.087 37.885 43.643 -221.926 1.811 0.010 30.141 24.898
40.470 38.300 41.554 -208.801 1.819 0.010 30.049 25.270
40.857 38.696 39.591 -196.367 1.827 0.010 29.952 25.645
41.248 39.074 37.744 -184.699 1.834 0.010 29.852 26.022
41.642 39.434 36.007 -173.690 1.841 0.010 29.748 26.403
42.040 39.777 34.374 -163.338 1.848 0.010 29.640 26.786
42.441 40.106 32.837 -153.632 1.854 0.010 29.529 27.171
42.845 40.420 31.392 -144.519 1.860 0.010 29.415 27.559
43.253 40.720 30.032 -135.955 1.866 0.010 29.298 27.949
43.663 41.008 28.753 -127.937 1.872 0.010 29.177 28.341
44.075 41.283 27.549 -120.421 1.878 0.010 29.053 28.735
44.491 41.547 26.415 -113.359 1.883 0.010 28.927 29.130
44.909 41.801 25.348 -106.750 1.888 0.010 28.797 29.528
45.329 42.044 24.342 -100.548 1.893 0.010 28.665 29.927
45.752 42.278 23.395 -94.728 1.898 0.010 28.531 30.328
46.177 42.503 22.502 -89.268 1.902 0.010 28.393 30.730
46.604 42.720 21.661 -84.141 1.906 0.010 28.253 31.134
47.034 42.928 20.868 -79.326 1.911 0.010 28.111 31.539
47.465 43.130 20.120 -74.819 1.915 0.010 27.966 31.945
47.898 43.324 19.414 -70.541 1.918 0.010 27.820 32.352
48.333 43.511 18.749 -66.558 1.922 0.010 27.671 32.761
48.770 43.692 18.121 -62.790 1.926 0.010 27.519 33.171
49.209 43.868 17.528 -59.242 1.929 0.010 27.366 33.582
49.649 44.037 16.969 -55.899 1.932 0.010 27.211 33.994
50.091 44.202 16.442 -52.745 1.935 0.010 27.054 34.408
50.535 44.361 15.944 -49.768 1.938 0.010 26.895 34.822
50.980 44.516 15.475 -46.954 1.941 0.010 26.735 35.237
51.427 44.666 15.032 -44.292 1.944 0.010 26.572 35.653
51.875 44.812 14.614 -41.780 1.947 0.010 26.409 36.070
52.324 44.955 14.220 -39.380 1.949 0.010 26.243 36.488
52.775 45.093 13.849 -37.132 1.952 0.010 26.076 36.907
53.228 45.228 13.499 -34.968 1.954 0.010 25.907 37.327
53.681 45.360 13.170 -32.936 1.956 0.010 25.737 37.747
54.136 45.488 12.860 -30.979 1.958 0.010 25.566 38.169
54.592 45.614 12.569 -29.135 1.960 0.010 25.393 38.591
55.050 45.737 12.295 -27.362 1.962 0.010 25.219 39.014
55.508 45.857 12.038 -25.678 1.964 0.010 25.044 39.438
55.968 45.975 11.798 -24.058 1.965 0.010 24.868 39.862
56.429 46.091 11.572 -22.511 1.967 0.010 24.690 40.288
56.891 46.205 11.362 -21.027 1.968 0.010 24.512 40.714
57.354 46.316 11.166 -19.600 1.970 0.010 24.332 41.141
57.818 46.426 10.984 -18.225 1.971 0.010 24.152 41.568
58.284 46.534 10.815 -16.908 1.972 0.010 23.970 41.997
58.750 46.641 10.659 -15.619 1.973 0.010 23.788 42.426
59.218 46.746 10.515 -14.390 1.974 0.010 23.604 42.856
59.686 46.850 10.383 -13.187 1.975 0.010 23.420 43.287
60.156 46.953 10.263 -12.026 1.976 0.010 23.235 43.718
60.626 47.054 10.154 -10.891 1.977 0.010 23.049 44.151
61.098 47.155 10.056 -9.784 1.978 0.010 22.863 44.584
61.570 47.254 9.969 -8.707 1.978 0.010 22.676 45.018
62.044 47.353 9.892 -7.648 1.979 0.010 22.488 45.453
62.518 47.452 9.826 -6.611 1.979 0.010 22.300 45.888
62.994 47.549 9.770 -5.589 1.980 0.010 22.111 46.324
63.470 47.647 9.725 -4.581 1.980 0.010 21.921 46.762
63.948 47.743 9.689 -3.586 1.980 0.010 21.731 47.200
64.426 47.840 9.663 -2.598 1.980 0.010 21.541 47.639
64.905 47.937 9.647 -1.619 1.980 0.010 21.350 48.078
65.386 48.033 9.640 -0.642 1.980 0.010 21.159 48.519
65.867 48.129 9.643 0.332 1.980 0.010 20.967 48.960
66.349 48.226 9.656 1.309 1.980 0.010 20.776 49.403
66.833 48.323 9.679 2.286 1.980 0.010 20.583 49.846
67.317 48.420 9.712 3.271 1.979 0.010 20.391 50.291
67.802 48.517 9.755 4.265 1.979 0.010 20.198 50.736
68.288 48.615 9.807 5.268 1.978 0.010 20.005 51.182
68.775 48.714 9.870 6.285 1.978 0.010 19.812 51.629
69.263 48.814 9.943 7.316 1.977 0.010 19.619 52.078
69.753 48.914 10.027 8.368 1.976 0.010 19.426 52.527
70.243 49.015 10.121 9.440 1.976 0.010 19.233 52.978
70.734 49.117 10.227 10.538 1.975 0.010 19.040 53.429
71.226 49.221 10.343 11.659 1.974 0.010 18.847 53.882
71.719 49.325 10.472 12.818 1.973 0.010 18.653 54.336
72.214 49.432 10.612 14.000 1.971 0.010 18.460 54.791
72.709 49.539 10.764 15.230 1.970 0.010 18.268 55.247
73.205 49.649 10.929 16.490 1.969 0.010 18.075 55.705
73.703 49.760 11.107 17.802 1.967 0.010 17.882 56.163
74.202 49.873 11.298 19.158 1.966 0.010 17.690 56.624
74.702 49.988 11.504 20.565 1.964 0.010 17.498 57.085
75.203 50.105 11.724 22.038 1.962 0.010 17.306 57.548
75.705 50.224 11.960 23.557 1.961 0.010 17.115 58.013
76.208 50.347 12.212 25.155 1.959 0.010 16.924 58.478
76.713 50.471 12.480 26.818 1.957 0.010 16.734 58.946
77.219 50.599 12.765 28.562 1.955 0.010 16.544 59.415
77.726 50.730 13.069 30.387 1.952 0.010 16.355 59.885
78.235 50.864 13.392 32.304 1.950 0.010 16.166 60.358
78.745 51.001 13.735 34.307 1.947 0.010 15.978 60.832
79.257 51.142 14.100 36.434 1.945 0.010 15.790 61.308
79.769 51.287 14.486 38.650 1.942 0.010 15.603 61.785
80.284 51.436 14.896 41.002 1.939 0.010 15.417 62.265
80.800 51.589 15.331 43.479 1.936 0.010 15.232 62.746
81.317 51.747 15.792 46.096 1.933 0.010 15.048 63.230
81.836 51.910 16.280 48.847 1.930 0.010 14.865 63.715
82.357 52.078 16.798 51.788 1.927 0.010 14.682 64.203
82.879 52.251 17.347 54.874 1.923 0.010 14.501 64.693
83.404 52.431 17.929 58.153 1.920 0.010 14.321 65.186
83.930 52.616 18.545 61.642 1.916 0.010 14.142 65.681
84.458 52.808 19.198 65.335 1.912 0.010 13.964 66.178
84.988 53.007 19.891 69.257 1.908 0.010 13.788 66.678
85.520 53.213 20.625 73.418 1.904 0.010 13.613 67.180
86.055 53.427 21.404 77.863 1.899 0.010 13.440 67.686
86.591 53.650 22.230 82.577 1.894 0.010 13.268 68.194
87.130 53.881 23.106 87.601 1.890 0.010 13.098 68.705
87.671 54.121 24.035 92.959 1.885 0.010 12.929 69.219
88.215 54.371 25.022 98.656 1.879 0.010 12.763 69.737
88.761 54.632 26.069 104.724 1.874 0.010 12.598 70.258
89.310 54.904 27.181 111.215 1.868 0.010 12.436 70.783
89.862 55.187 28.362 118.124 1.862 0.010 12.276 71.311
90.417 55.483 29.617 125.488 1.856 0.010 12.118 71.843
90.975 55.793 30.951 133.353 1.850 0.010 11.962 72.378
91.536 56.117 32.368 141.726 1.843 0.010 11.810 72.918
92.100 56.455 33.875 150.666 1.836 0.010 11.660 73.463
92.669 56.810 35.477 160.191 1.829 0.010 11.512 74.011
93.240 57.182 37.180 170.308 1.821 0.010 11.369 74.565
93.816 57.572 38.991 181.117 1.814 0.010 11.228 75.123
94.396 57.981 40.917 192.587 1.805 0.010 11.091 75.686
94.980 58.411 42.964 204.756 1.797 0.010 10.957 76.255
95.569 58.862 45.141 217.641 1.788 0.010 10.828 76.829
96.162 59.337 47.454 231.335 1.779 0.010 10.703 77.409
96.760 59.836 49.911 245.702 1.769 0.010 10.582 77.995
97.364 60.361 52.519 260.850 1.759 0.010 10.466 78.588
97.973 60.914 55.287 276.749 1.748 0.010 10.356 79.187
98.588 61.496 58.220 293.282 1.737 0.010 10.250 79.793
99.209 62.109 61.324 310.444 1.726 0.010 10.151 80.406
99.837 62.755 64.606 328.150 1.713 0.010 10.058 81.026
100.471 63.436 68.067 346.168 1.701 0.010 9.972 81.655
101.113 64.153 71.711 364.383 1.688 0.010 9.893 82.291
101.762 64.908 75.536 382.511 1.674 0.010 9.822 82.937
102.419 65.704 79.538 400.168 1.659 0.010 9.759 83.591
103.084 66.541 83.707 416.931 1.644 0.010 9.705 84.254
103.758 67.421 88.031 432.335 1.628 0.010 9.661 84.927
104.442 68.346 92.486 445.511 1.611 0.010 9.628 85.609
105.135 69.316 97.044 455.825 1.594 0.010 9.606 86.302
105.838 70.333 101.665 462.063 1.575 0.010 9.596 87.005
106.552 71.396 106.297 463.193 1.556 0.010 9.599 87.719
107.277 72.505 110.873 457.673 1.536 0.010 9.617 88.444
108.014 73.658 115.313 443.935 1.515 0.010 9.650 89.180
108.762 74.853 119.514 420.155 1.493 0.010 9.700 89.927
109.523 76.087 123.358 384.344 1.470 0.010 9.768 90.685
110.297 77.354 126.702 334.426 1.446 0.010 9.855 91.453
111.083 78.648 129.384 268.252 1.421 0.010 9.963 92.232
111.883 79.960 131.224 183.908 1.395 0.010 10.092 93.021
112.696 81.280 132.021 79.739 1.367 0.010 10.246 93.820
113.522 82.596 131.567 -45.382 1.339 0.010 10.424 94.626
114.361 83.892 129.651 -191.662 1.309 0.010 10.629 95.440
115.212 85.153 126.068 -358.265 1.279 0.010 10.861 96.259
116.076 86.359 120.640 -542.776 1.247 0.010 11.123 97.082
116.951 87.492 113.226 -741.367 1.215 0.010 11.414 97.907
117.836 88.529 103.745 -948.149 1.182 0.010 11.736 98.731
118.730 89.451 92.187 -1155.762 1.148 0.010 12.089 99.553
119.633 90.237 78.634 -1355.302 1.113 0.010 12.474 100.370
120.541 90.870 63.264 -1537.023 1.078 0.010 12.890 101.178
121.455 91.333 46.353 -1691.061 1.042 0.010 13.336 101.974
122.371 91.616 28.270 -1808.350 1.007 0.010 13.812 102.757
123.288 91.711 9.454 -1881.568 0.971 0.010 14.316 103.523
124.204 91.615 -9.605 -1905.972 0.935 0.010 14.847 104.270
125.118 91.330 -28.405 -1879.950 0.899 0.010 15.402 104.995
126.026 90.866 -46.457 -1805.236 0.864 0.010 15.980 105.696
126.929 90.233 -63.324 -1686.673 0.830 0.010 16.578 106.373
127.823 89.446 -78.641 -1531.676 0.796 0.010 17.193 107.022
128.708 88.525 -92.134 -1349.321 0.762 0.010 17.823 107.644
129.583 87.489 -103.629 -1149.528 0.730 0.010 18.465 108.238
130.447 86.358 -113.049 -941.986 0.698 0.010 19.118 108.803
131.298 85.154 -120.404 -735.524 0.668 0.010 19.778 109.341
132.137 83.896 -125.780 -537.562 0.638 0.010 20.445 109.851
132.963 82.603 -129.317 -353.711 0.610 0.010 21.115 110.333
133.776 81.291 -131.197 -187.960 0.583 0.010 21.788 110.790
134.576 79.975 -131.622 -42.538 0.557 0.010 22.461 111.221
135.363 78.667 -130.804 81.773 0.531 0.010 23.134 111.628
136.136 77.377 -128.953 185.157 0.507 0.010 23.806 112.012
136.897 76.115 -126.265 268.767 0.484 0.010 24.476 112.374
137.646 74.885 -122.922 334.306 0.462 0.010 25.142 112.715
138.383 73.695 -119.085 383.724 0.441 0.010 25.805 113.037
139.109 72.546 -114.894 419.044 0.421 0.010 26.464 113.340
139.823 71.441 -110.469 442.488 0.402 0.010 27.119 113.626
140.527 70.382 -105.911 455.878 0.383 0.010 27.770 113.895
141.221 69.369 -101.298 461.224 0.366 0.010 28.415 114.149
141.905 68.402 -96.699 459.925 0.349 0.010 29.056 114.388
142.579 67.480 -92.164 453.527 0.333 0.010 29.692 114.613
143.245 66.603 -87.732 443.164 0.318 0.010 30.323 114.826
143.903 65.769 -83.433 429.918 0.303 0.010 30.949 115.027
144.553 64.976 -79.288 414.506 0.289 0.010 31.571 115.217
145.195 64.223 -75.311 397.717 0.276 0.010 32.188 115.396
145.830 63.508 -71.510 380.093 0.263 0.010 32.800 115.565
146.459 62.829 -67.890 361.955 0.251 0.010 33.407 115.725
147.080 62.184 -64.452 343.796 0.239 0.010 34.011 115.876
147.696 61.572 -61.195 325.756 0.228 0.010 34.609 116.019
148.306 60.991 -58.114 308.128 0.218 0.010 35.204 116.153
148.910 60.439 -55.204 290.982 0.207 0.010 35.795 116.281
149.510 59.914 -52.459 274.429 0.198 0.010 36.382 116.401
150.104 59.416 -49.873 258.619 0.188 0.010 36.965 116.515
150.693 58.941 -47.439 243.444 0.179 0.010 37.545 116.623
151.278 58.490 -45.148 229.103 0.171 0.010 38.121 116.725
151.859 58.060 -42.993 215.438 0.162 0.010 38.693 116.821
152.435 57.650 -40.968 202.512 0.155 0.010 39.262 116.912
153.008 57.260 -39.065 190.380 0.147 0.010 39.829 116.998
153.577 56.887 -37.276 178.869 0.140 0.010 40.392 117.079
154.142 56.531 -35.595 168.071 0.133 0.010 40.952 117.156
154.704 56.191 -34.016 157.934 0.126 0.010 41.509 117.228
155.262 55.865 -32.532 148.333 0.119 0.010 42.063 117.297
155.818 55.554 -31.138 139.427 0.113 0.010 42.615 117.361
156.371 55.256 -29.829 130.958 0.107 0.010 43.164 117.422
156.920 54.970 -28.598 123.064 0.102 0.010 43.711 117.479
157.467 54.695 -27.442 115.638 0.096 0.010 44.255 117.533
158.011 54.432 -26.355 108.676 0.091 0.010 44.797 117.584
158.553 54.178 -25.334 102.109 0.086 0.010 45.337 117.632
159.093 53.935 -24.374 95.956 0.081 0.010 45.874 117.677
159.630 53.700 -23.472 90.179 0.076 0.010 46.410 117.719
160.164 53.474 -22.625 84.725 0.072 0.010 46.943 117.758
160.697 53.240 -23.323 -69.769 0.067 0.010 47.474 117.795
161.227 52.978 -26.224 -290.144 0.063 0.010 48.003 117.830
161.753 52.680 -29.805 -358.070 0.059 0.010 48.529 117.862
162.277 52.346 -33.369 -356.408 0.056 0.010 49.051 117.892
162.797 51.977 -36.919 -354.959 0.052 0.010 49.570 117.920
163.312 51.573 -40.456 -353.734 0.048 0.010 50.085 117.946
163.824 51.133 -43.983 -352.692 0.045 0.010 50.596 117.970
164.330 50.658 -47.501 -351.797 0.042 0.010 51.102 117.992
164.832 50.148 -51.011 -351.033 0.039 0.010 51.603 118.012
165.328 49.603 -54.515 -350.392 0.036 0.010 52.099 118.031
165.818 49.022 -58.013 -349.815 0.033 0.010 52.589 118.048
166.302 48.407 -61.506 -349.320 0.031 0.010 53.073 118.063
166.780 47.757 -64.995 -348.892 0.029 0.010 53.550 118.078
167.250 47.073 -68.480 -348.466 0.026 0.010 54.021 118.090
167.714 46.353 -71.961 -348.120 0.024 0.010 54.484 118.102
168.170 45.599 -75.439 -347.758 0.022 0.010 54.940 118.113
168.618 44.810 -78.913 -347.424 0.020 0.010 55.388 118.122
169.058 43.986 -82.384 -347.111 0.018 0.010 55.828 118.131
169.489 43.127 -85.852 -346.776 0.017 0.010 56.259 118.138
169.911 42.234 -89.317 -346.479 0.015 0.010 56.681 118.145
170.324 41.306 -92.778 -346.165 0.014 0.010 57.094 118.151
170.728 40.344 -96.237 -345.864 0.012 0.010 57.498 118.156
171.121 39.347 -99.693 -345.578 0.011 0.010 57.891 118.161
171.505 38.315 -103.146 -345.309 0.010 0.010 58.274 118.165
171.877 37.250 -106.596 -345.060 0.009 0.010 58.647 118.168
172.239 36.149 -110.045 -344.858 0.008 0.010 59.008 118.171
172.589 35.014 -113.492 -344.687 0.007 0.010 59.358 118.174
172.927 33.859 -115.549 -205.750 0.006 0.010 59.697 118.176
173.254 32.703 -115.587 -3.746 0.006 0.010 60.024 118.178
173.570 31.553 -115.004 58.250 0.005 0.010 60.339 118.180
173.874 30.408 -114.447 55.705 0.004 0.010 60.643 118.181
174.167 29.269 -113.915 53.282 0.004 0.010 60.936 118.182
174.448 28.135 -113.405 50.992 0.003 0.010 61.217 118.183
174.718 27.006 -112.917 48.798 0.003 0.010 61.487 118.184
174.977 25.881 -112.450 46.687 0.002 0.010 61.746 118.185
175.224 24.761 -112.003 44.654 0.002 0.010 61.994 118.185
175.461 23.646 -111.576 42.680 0.002 0.010 62.230 118.186
175.686 22.534 -111.169 40.757 0.001 0.010 62.456 118.186
175.900 21.426 -110.780 38.869 0.001 0.010 62.670 118.187
176.104 20.322 -110.410 37.019 0.001 0.010 62.873 118.187
176.296 19.221 -110.058 35.187 0.001 0.010 63.065 118.187
176.477 18.124 -109.724 33.371 0.001 0.010 63.247 118.187
176.647 17.030 -109.409 31.565 0.001 0.010 63.417 118.187
176.807 15.939 -109.111 29.762 0.000 0.010 63.576 118.187
176.955 14.851 -108.832 27.959 0.000 0.010 63.725 118.187
177.093 13.779 -107.212 161.914 0.000 0.010 63.863 118.187
177.221 12.742 -103.629 358.378 0.000 0.010 63.990 118.187
177.338 11.748 -99.442 418.682 0.000 0.010 64.108 118.187
177.446 10.795 -95.281 416.051 0.000 0.010 64.215 118.187
177.545 9.884 -91.145 413.617 0.000 0.010 64.314 118.187
177.635 9.013 -87.031 411.376 0.000 0.010 64.404 118.187
177.717 8.184 -82.938 409.316 0.000 0.010 64.486 118.187
177.791 7.395 -78.864 407.436 0.000 0.010 64.560 118.187
177.857 6.647 -74.807 405.722 0.000 0.010 64.627 118.187
177.917 5.940 -70.765 404.172 0.000 0.010 64.686 118.187
177.969 5.272 -66.737 402.777 0.000 0.010 64.739 118.187
178.016 4.645 -62.722 401.530 0.000 0.010 64.785 118.187
178.056 4.058 -58.718 400.423 0.000 0.010 64.826 118.187
178.091 3.511 -54.723 399.449 0.000 0.010 64.861 118.187
178.121 3.003 -50.737 398.599 0.000 0.010 64.891 118.187
178.147 2.536 -46.758 397.866 0.000 0.010 64.916 118.187
178.168 2.108 -42.786 397.241 0.000 0.010 64.937 118.187
178.185 1.720 -38.819 396.717 0.000 0.010 64.955 118.187
178.199 1.371 -34.856 396.284 0.000 0.010 64.968 118.187
178.209 1.062 -30.897 395.934 0.000 0.010 64.979 118.187
178.217 0.793 -26.940 395.658 0.000 0.010 64.987 118.187
178.223 0.563 -22.986 395.448 0.000 0.010 64.993 118.187
178.227 0.372 -19.033 395.294 0.000 0.010 64.996 118.187
178.229 0.222 -15.081 395.188 0.000 0.010 64.998 118.187
178.230 0.110 -11.130 395.121 0.000 0.010 65.000 118.188
178.230 0.039 -7.179 395.084 0.000 0.010 65.000 118.188
178.231 0.006 -3.228 395.067 0.000 0.010 65.000 118.188
178.231 0.000 -0.626 260.169 0.000 0.010 65.000 118.188
0.000 0.040 3.951 395.062 0.000 0.010 0.000 -12.188
0.001 0.079 3.951 0.003 0.000 0.010 0.001 -12.187
0.003 0.178 9.877 592.606 0.000 0.010 0.003 -12.187
0.006 0.316 13.828 395.105 0.000 0.010 0.006 -12.187
0.011 0.494 17.779 395.161 0.000 0.010 0.011 -12.187
0.018 0.711 21.732 395.254 0.000 0.010 0.018 -12.187
0.028 0.968 25.686 395.391 0.000 0.010 0.028 -12.187
0.040 1.264 29.642 395.582 0.000 0.010 0.040 -12.187
0.056 1.600 33.600 395.836 0.000 0.010 0.056 -12.187
0.076 1.976 37.562 396.161 0.000 0.010 0.076 -12.187
0.100 2.391 41.527 396.566 0.000 0.010 0.100 -12.187
0.128 2.846 45.498 397.060 0.000 0.010 0.128 -12.187
0.162 3.341 49.474 397.652 0.000 0.010 0.162 -12.187
0.201 3.876 53.458 398.349 0.000 0.010 0.201 -12.187
0.245 4.450 57.449 399.161 0.000 0.010 0.245 -12.187
0.296 5.065 61.450 400.095 0.000 0.010 0.296 -12.187
0.353 5.719 65.462 401.158 0.000 0.010 0.353 -12.187
0.417 6.414 69.486 402.360 0.000 0.010 0.417 -12.187
0.489 7.149 73.523 403.707 0.000 0.010 0.489 -12.187
0.568 7.925 77.575 405.207 0.000 0.010 0.568 -12.187
0.655 8.742 81.643 406.866 0.000 0.010 0.655 -12.187
0.751 9.599 85.730 408.694 0.000 0.010 0.751 -12.187
0.856 10.497 89.837 410.694 0.000 0.010 0.856 -12.187
0.971 11.437 93.966 412.878 0.000 0.010 0.971 -12.187
1.095 12.418 98.119 415.250 0.000 0.010 1.095 -12.187
1.229 13.441 102.297 417.816 0.000 0.010 1.229 -12.187
1.374 14.506 106.503 420.589 0.000 0.010 1.374 -12.187
1.530 15.593 108.746 224.333 0.001 0.010 1.530 -12.187
1.697 16.684 109.020 27.387 0.001 0.010 1.697 -12.187
1.875 17.777 109.312 29.191 0.001 0.010 1.875 -12.187
2.063 18.873 109.622 30.992 0.001 0.010 2.063 -12.187
2.263 19.973 109.950 32.800 0.001 0.010 2.263 -12.187
2.474 21.075 110.296 34.609 0.001 0.010 2.474 -12.186
2.696 22.182 110.660 36.433 0.002 0.010 2.696 -12.186
2.929 23.293 111.043 38.283 0.002 0.010 2.929 -12.186
3.173 24.407 111.444 40.152 0.002 0.010 3.173 -12.185
3.428 25.526 111.865 42.067 0.003 0.010 3.428 -12.184
3.695 26.649 112.305 44.018 0.003 0.010 3.695 -12.184
3.972 27.776 112.766 46.039 0.004 0.010 3.972 -12.183
4.261 28.909 113.247 48.118 0.004 0.010 4.261 -12.182
4.562 30.046 113.750 50.280 0.005 0.010 4.562 -12.180
4.874 31.189 114.275 52.549 0.005 0.010 4.874 -12.179
5.197 32.337 114.824 54.917 0.006 0.010 5.197 -12.177
5.532 33.491 115.399 57.429 0.007 0.010 5.532 -12.175
5.879 34.651 115.999 60.072 0.008 0.010 5.879 -12.172
6.237 35.797 114.586 -141.380 0.009 0.010 6.236 -12.169
6.606 36.908 111.139 -344.638 0.010 0.010 6.606 -12.166
6.985 37.985 107.691 -344.781 0.011 0.010 6.985 -12.162
7.376 39.028 104.241 -344.991 0.012 0.010 7.376 -12.158
7.776 40.036 100.789 -345.215 0.013 0.010 7.776 -12.153
8.186 41.009 97.334 -345.483 0.015 0.010 8.186 -12.147
8.606 41.948 93.877 -345.764 0.016 0.010 8.605 -12.140
9.034 42.852 90.416 -346.059 0.018 0.010 9.034 -12.133
9.471 43.722 86.952 -346.373 0.020 0.010 9.471 -12.125
9.917 44.556 83.486 -346.673 0.021 0.010 9.916 -12.116
10.371 45.357 80.016 -346.994 0.023 0.010 10.370 -12.106
10.832 46.122 76.543 -347.318 0.026 0.010 10.831 -12.094
11.300 46.853 73.066 -347.638 0.028 0.010 11.299 -12.082
11.776 47.548 69.586 -347.998 0.030 0.010 11.775 -12.068
12.258 48.210 66.103 -348.338 0.033 0.010 12.257 -12.053
12.746 48.836 62.615 -348.750 0.035 0.010 12.745 -12.036
13.240 49.427 59.124 -349.162 0.038 0.010 13.239 -12.018
13.740 49.983 55.627 -349.649 0.041 0.010 13.738 -11.998
14.245 50.504 52.126 -350.176 0.044 0.010 14.243 -11.977
14.755 50.991 48.617 -350.804 0.047 0.010 14.752 -11.954
15.270 51.442 45.102 -351.542 0.051 0.010 15.266 -11.928
15.788 51.857 41.578 -352.371 0.054 0.010 15.784 -11.901
16.311 52.238 38.045 -353.369 0.058 0.010 16.305 -11.872
16.836 52.583 34.499 -354.531 0.062 0.010 16.830 -11.840
17.365 52.892 30.940 -355.899 0.066 0.010 17.358 -11.806
17.897 53.166 27.365 -357.511 0.070 0.010 17.888 -11.770
18.431 53.404 23.771 -359.380 0.075 0.010 18.421 -11.732
18.967 53.627 22.367 -140.398 0.079 0.010 18.956 -11.690
19.506 53.859 23.198 83.047 0.084 0.010 19.492 -11.646
20.047 54.100 24.082 88.409 0.089 0.010 20.031 -11.599
20.590 54.350 25.023 94.103 0.094 0.010 20.573 -11.550
21.137 54.611 26.024 100.107 0.100 0.010 21.116 -11.497
21.685 54.881 27.090 106.556 0.105 0.010 21.662 -11.440
22.237 55.164 28.223 113.370 0.111 0.010 22.210 -11.381
22.792 55.458 29.430 120.663 0.117 0.010 22.761 -11.317
23.349 55.765 30.714 128.413 0.124 0.010 23.315 -11.250
23.910 56.086 32.081 136.666 0.130 0.010 23.871 -11.179
24.474 56.421 33.535 145.460 0.137 0.010 24.430 -11.104
25.042 56.772 35.084 154.823 0.145 0.010 24.993 -11.024
25.613 57.139 36.731 164.783 0.152 0.010 25.558 -10.940
26.189 57.524 38.485 175.373 0.160 0.010 26.126 -10.850
26.768 57.928 40.352 186.663 0.168 0.010 26.697 -10.756
27.351 58.351 42.338 198.579 0.177 0.010 27.272 -10.656
27.939 58.796 44.450 211.281 0.185 0.010 27.851 -10.550
28.532 59.263 46.697 224.658 0.195 0.010 28.433 -10.438
29.130 59.754 49.085 238.836 0.204 0.010 29.018 -10.320
29.732 60.270 51.623 253.720 0.214 0.010 29.608 -10.195
30.340 60.813 54.316 269.347 0.225 0.010 30.201 -10.062
30.954 61.385 57.173 285.648 0.236 0.010 30.799 -9.922
31.574 61.987 60.199 302.652 0.247 0.010 31.401 -9.774
32.200 62.621 63.400 320.106 0.259 0.010 32.007 -9.617
32.833 63.288 66.781 338.045 0.272 0.010 32.618 -9.451
33.473 63.992 70.343 356.197 0.285 0.010 33.233 -9.275
34.120 64.733 74.086 374.369 0.299 0.010 33.853 -9.089
34.776 65.513 78.008 392.207 0.313 0.010 34.478 -8.891
35.439 66.334 82.101 409.292 0.328 0.010 35.107 -8.682
36.111 67.197 86.353 425.230 0.344 0.010 35.742 -8.461
36.792 68.105 90.746 439.241 0.360 0.010 36.381 -8.226
37.483 69.057 95.252 450.616 0.378 0.010 37.025 -7.977
38.183 70.056 99.836 458.395 0.396 0.010 37.674 -7.713
38.894 71.100 104.450 461.431 0.415 0.010 38.327 -7.432
39.616 72.191 109.034 458.387 0.435 0.010 38.985 -7.135
40.349 73.326 113.512 447.734 0.455 0.010 39.647 -6.820
41.094 74.504 117.788 427.670 0.477 0.010 40.313 -6.485
41.851 75.721 121.752 396.348 0.500 0.010 40.981 -6.129
42.621 76.974 125.268 351.598 0.524 0.010 41.653 -5.752
43.404 78.256 128.182 291.444 0.548 0.010 42.325 -5.353
44.199 79.559 130.320 213.743 0.574 0.010 42.999 -4.929
45.008 80.874 131.487 116.766 0.601 0.010 43.672 -4.481
45.830 82.188 131.479 -0.819 0.629 0.010 44.343 -4.007
46.665 83.489 130.083 -139.575 0.658 0.010 45.011 -3.505
47.512 84.760 127.093 -299.065 0.689 0.010 45.673 -2.977
48.372 85.983 122.318 -477.509 0.720 0.010 46.329 -2.420
49.244 87.139 115.602 -671.514 0.752 0.010 46.975 -1.835
50.126 88.208 106.842 -876.030 0.785 0.010 47.609 -1.222
51.017 89.168 96.001 -1084.103 0.819 0.010 48.229 -0.581
51.917 89.999 83.127 -1287.381 0.853 0.010 48.832 0.086
52.824 90.683 68.364 -1476.355 0.888 0.010 49.417 0.780
53.736 91.202 51.953 -1641.056 0.924 0.010 49.979 1.498
54.652 91.545 34.232 -1772.081 0.959 0.010 50.518 2.238
55.569 91.701 15.619 -1861.359 0.995 0.010 51.031 2.998
56.485 91.667 -3.413 -1903.162 1.031 0.010 51.516 3.776
57.400 91.443 -22.360 -1894.735 1.067 0.010 51.972 4.568
58.310 91.036 -40.726 -1836.625 1.102 0.010 52.397 5.373
59.215 90.455 -58.053 -1732.622 1.137 0.010 52.792 6.187
60.112 89.716 -73.946 -1589.319 1.171 0.010 53.155 7.007
61.000 88.835 -88.099 -1415.339 1.205 0.010 53.487 7.832
61.879 87.832 -100.303 -1220.350 1.237 0.010 53.788 8.657
62.746 86.727 -110.446 -1014.310 1.269 0.010 54.059 9.481
63.601 85.542 -118.509 -806.344 1.300 0.010 54.300 10.301
64.444 84.297 -124.554 -604.493 1.330 0.010 54.514 11.117
65.274 83.010 -128.704 -414.967 1.358 0.010 54.700 11.926
66.091 81.698 -131.128 -242.368 1.386 0.010 54.862 12.726
66.895 80.378 -132.023 -89.514 1.413 0.010 54.999 13.518
67.686 79.062 -131.599 42.376 1.438 0.010 55.113 14.301
68.463 77.761 -130.068 153.086 1.463 0.010 55.207 15.073
69.228 76.485 -127.632 243.568 1.486 0.010 55.280 15.834
69.981 75.240 -124.480 315.290 1.508 0.010 55.336 16.584
70.721 74.033 -120.778 370.143 1.530 0.010 55.374 17.324
71.450 72.866 -116.676 410.204 1.550 0.010 55.397 18.052
72.167 71.743 -112.300 437.580 1.570 0.010 55.404 18.769
72.874 70.665 -107.758 454.269 1.588 0.010 55.399 19.476
73.570 69.634 -103.135 462.251 1.606 0.010 55.380 20.172
74.256 68.649 -98.505 463.038 1.623 0.010 55.351 20.858
74.934 67.710 -93.922 458.276 1.639 0.010 55.310 21.534
75.602 66.815 -89.430 449.174 1.654 0.010 55.259 22.200
76.261 65.965 -85.063 436.754 1.669 0.010 55.199 22.857
76.913 65.156 -80.842 422.014 1.683 0.010 55.131 23.505
77.557 64.388 -76.786 405.607 1.697 0.010 55.054 24.144
78.193 63.659 -72.905 388.174 1.710 0.010 54.970 24.775
78.823 62.967 -69.203 370.134 1.722 0.010 54.879 25.398
79.446 62.310 -65.684 351.974 1.734 0.010 54.782 26.014
80.063 61.687 -62.346 333.796 1.745 0.010 54.678 26.622
80.674 61.095 -59.185 316.035 1.756 0.010 54.569 27.223
81.279 60.533 -56.199 298.660 1.766 0.010 54.455 27.818
81.879 59.999 -53.380 281.917 1.776 0.010 54.336 28.406
82.474 59.492 -50.721 265.804 1.785 0.010 54.212 28.987
83.064 59.010 -48.217 250.445 1.794 0.010 54.084 29.563
83.650 58.551 -45.859 235.791 1.803 0.010 53.952 30.134
84.231 58.115 -43.640 221.915 1.811 0.010 53.816 30.699
84.808 57.699 -41.552 208.750 1.819 0.010 53.676 31.259
85.381 57.304 -39.589 196.386 1.827 0.010 53.534 31.814
85.950 56.926 -37.742 184.660 1.834 0.010 53.387 32.364
86.516 56.566 -36.005 173.669 1.841 0.010 53.238 32.910
87.078 56.222 -34.372 163.340 1.848 0.010 53.086 33.451
87.637 55.894 -32.836 153.616 1.854 0.010 52.932 33.988
88.193 55.580 -31.391 144.493 1.860 0.010 52.775 34.521
88.746 55.280 -30.031 135.956 1.866 0.010 52.615 35.050
89.296 54.992 -28.752 127.930 1.872 0.010 52.453 35.576
89.843 54.717 -27.548 120.400 1.878 0.010 52.290 36.098
90.387 54.453 -26.414 113.360 1.883 0.010 52.124 36.617
90.929 54.199 -25.347 106.741 1.888 0.010 51.956 37.132
91.469 53.956 -24.342 100.539 1.893 0.010 51.786 37.644
92.006 53.722 -23.394 94.723 1.898 0.010 51.615 38.153
92.541 53.497 -22.502 89.262 1.902 0.010 51.442 38.660
93.074 53.280 -21.660 84.139 1.906 0.010 51.268 39.163
93.605 53.072 -20.867 79.328 1.911 0.010 51.092 39.664
94.133 52.870 -20.119 74.786 1.915 0.010 50.915 40.162
94.660 52.676 -19.414 70.566 1.918 0.010 50.736 40.658
95.185 52.489 -18.748 66.546 1.922 0.010 50.556 41.151
95.708 52.308 -18.120 62.784 1.926 0.010 50.375 41.642
96.229 52.132 -17.528 59.240 1.929 0.010 50.193 42.130
96.749 51.963 -16.969 55.897 1.932 0.010 50.010 42.616
97.267 51.798 -16.441 52.743 1.935 0.010 49.826 43.101
97.783 51.639 -15.944 49.765 1.938 0.010 49.642 43.583
98.298 51.484 -15.474 46.952 1.941 0.010 49.456 44.063
98.812 51.334 -15.031 44.293 1.944 0.010 49.269 44.541
99.323 51.188 -14.614 41.766 1.947 0.010 49.082 45.018
99.834 51.045 -14.220 39.395 1.949 0.010 48.894 45.492
100.343 50.907 -13.849 37.113 1.952 0.010 48.705 45.965
100.851 50.772 -13.499 34.979 1.954 0.010 48.516 46.436
101.357 50.640 -13.170 32.922 1.956 0.010 48.326 46.906
101.862 50.512 -12.860 30.991 1.958 0.010 48.136 47.374
102.366 50.386 -12.568 29.127 1.960 0.010 47.945 47.840
102.869 50.263 -12.295 27.365 1.962 0.010 47.754 48.305
103.370 50.143 -12.038 25.671 1.964 0.010 47.563 48.768
103.870 50.025 -11.797 24.060 1.965 0.010 47.371 49.230
104.369 49.909 -11.572 22.511 1.967 0.010 47.179 49.691
104.867 49.795 -11.362 21.025 1.968 0.010 46.986 50.150
105.364 49.684 -11.166 19.599 1.970 0.010 46.794 50.608
105.860 49.574 -10.984 18.228 1.971 0.010 46.601 51.065
106.355 49.466 -10.815 16.897 1.972 0.010 46.408 51.520
106.848 49.359 -10.659 15.629 1.973 0.010 46.215 51.974
107.341 49.254 -10.515 14.385 1.974 0.010 46.021 52.427
107.832 49.150 -10.383 13.189 1.975 0.010 45.828 52.879
108.323 49.047 -10.263 12.022 1.976 0.010 45.635 53.330
108.812 48.946 -10.154 10.890 1.977 0.010 45.442 53.780
109.301 48.845 -10.056 9.787 1.978 0.010 45.249 54.229
109.788 48.746 -9.969 8.704 1.978 0.010 45.056 54.676
110.275 48.647 -9.892 7.649 1.979 0.010 44.863 55.123
110.760 48.548 -9.826 6.609 1.979 0.010 44.670 55.568
111.245 48.451 -9.770 5.589 1.980 0.010 44.478 56.013
111.728 48.353 -9.725 4.581 1.980 0.010 44.285 56.457
112.211 48.257 -9.689 3.585 1.980 0.010 44.093 56.899
112.692 48.160 -9.663 2.599 1.980 0.010 43.902 57.341
113.173 48.063 -9.646 1.618 1.980 0.010 43.710 57.782
113.653 47.967 -9.640 0.642 1.980 0.010 43.519 58.222
114.131 47.871 -9.643 -0.333 1.980 0.010 43.329 58.661
114.609 47.774 -9.656 -1.308 1.980 0.010 43.139 59.100
115.086 47.677 -9.679 -2.288 1.980 0.010 42.949 59.537
115.562 47.580 -9.712 -3.272 1.979 0.010 42.760 59.974
116.036 47.483 -9.755 -4.264 1.979 0.010 42.572 60.409
116.510 47.385 -9.807 -5.268 1.978 0.010 42.384 60.844
116.983 47.286 -9.870 -6.284 1.978 0.010 42.196 61.279
117.455 47.186 -9.943 -7.319 1.977 0.010 42.010 61.712
117.926 47.086 -10.027 -8.368 1.976 0.010 41.824 62.145
118.396 46.985 -10.122 -9.441 1.976 0.010 41.638 62.576
118.864 46.883 -10.227 -10.537 1.975 0.010 41.454 63.007
119.332 46.779 -10.344 -11.664 1.974 0.010 41.270 63.438
119.799 46.675 -10.472 -12.813 1.973 0.010 41.088 63.867
120.265 46.568 -10.612 -14.006 1.971 0.010 40.906 64.296
120.729 46.461 -10.764 -15.225 1.970 0.010 40.725 64.724
121.193 46.351 -10.929 -16.495 1.969 0.010 40.545 65.151
121.655 46.240 -11.107 -17.801 1.967 0.010 40.366 65.577
122.116 46.127 -11.299 -19.159 1.966 0.010 40.188 66.003
122.577 46.012 -11.504 -20.570 1.964 0.010 40.012 66.428
123.036 45.895 -11.725 -22.030 1.962 0.010 39.836 66.852
123.493 45.776 -11.960 -23.565 1.961 0.010 39.662 67.275
123.950 45.653 -12.212 -25.154 1.959 0.010 39.489 67.698
124.405 45.529 -12.480 -26.821 1.957 0.010 39.317 68.119
124.859 45.401 -12.766 -28.562 1.955 0.010 39.146 68.540
125.312 45.270 -13.069 -30.388 1.952 0.010 38.977 68.960
125.763 45.136 -13.392 -32.301 1.950 0.010 38.810 69.379
126.213 44.999 -13.736 -34.320 1.947 0.010 38.644 69.797
126.662 44.858 -14.100 -36.424 1.945 0.010 38.479 70.215
127.109 44.713 -14.486 -38.661 1.942 0.010 38.317 70.631
127.555 44.564 -14.897 -41.003 1.939 0.010 38.155 71.047
127.999 44.411 -15.331 -43.478 1.936 0.010 37.996 71.461
128.441 44.253 -15.792 -46.092 1.933 0.010 37.838 71.875
128.882 44.090 -16.281 -48.866 1.930 0.010 37.683 72.287
129.321 43.922 -16.799 -51.776 1.927 0.010 37.529 72.699
129.759 43.749 -17.347 -54.881 1.923 0.010 37.377 73.109
130.194 43.569 -17.929 -58.165 1.920 0.010 37.227 73.518
130.628 43.384 -18.545 -61.638 1.916 0.010 37.080 73.926
131.060 43.192 -19.199 -65.333 1.912 0.010 36.935 74.333
131.490 42.993 -19.891 -69.258 1.908 0.010 36.792 74.738
131.918 42.787 -20.626 -73.435 1.904 0.010 36.651 75.142
132.344 42.573 -21.404 -77.862 1.899 0.010 36.513 75.545
132.767 42.350 -22.230 -82.585 1.894 0.010 36.377 75.946
133.188 42.119 -23.106 -87.609 1.890 0.010 36.244 76.346
133.607 41.879 -24.036 -92.955 1.885 0.010 36.114 76.744
134.024 41.629 -25.022 -98.660 1.879 0.010 35.986 77.140
134.437 41.368 -26.070 -104.746 1.874 0.010 35.862 77.535
134.848 41.096 -27.182 -111.217 1.868 0.010 35.740 77.927
135.256 40.813 -28.363 -118.129 1.862 0.010 35.622 78.318
135.661 40.516 -29.618 -125.502 1.856 0.010 35.506 78.706
136.064 40.207 -30.952 -133.358 1.850 0.010 35.394 79.092
136.462 39.883 -32.369 -141.744 1.843 0.010 35.286 79.476
136.858 39.544 -33.876 -150.675 1.836 0.010 35.181 79.857
137.250 39.190 -35.478 -160.192 1.829 0.010 35.079 80.236
137.638 38.818 -37.182 -170.347 1.821 0.010 34.982 80.611
138.022 38.428 -38.993 -181.124 1.814 0.010 34.888 80.984
138.402 38.019 -40.919 -192.594 1.805 0.010 34.798 81.354
138.778 37.589 -42.966 -204.776 1.797 0.010 34.712 81.719
139.150 37.138 -45.143 -217.696 1.788 0.010 34.630 82.082
139.516 36.663 -47.457 -231.320 1.779 0.010 34.553 82.440
139.878 36.164 -49.914 -245.746 1.769 0.010 34.480 82.794
140.234 35.639 -52.523 -260.896 1.759 0.010 34.412 83.144
140.585 35.086 -55.291 -276.756 1.748 0.010 34.348 83.489
140.930 34.504 -58.224 -293.328 1.737 0.010 34.289 83.829
141.269 33.890 -61.329 -310.504 1.726 0.010 34.235 84.164
141.602 33.244 -64.611 -328.172 1.713 0.010 34.185 84.492
141.927 32.563 -68.073 -346.234 1.701 0.010 34.141 84.815
142.246 31.846 -71.717 -364.445 1.688 0.010 34.102 85.131
142.557 31.091 -75.543 -382.554 1.674 0.010 34.068 85.440
142.859 30.295 -79.545 -400.235 1.659 0.010 34.039 85.742
143.154 29.458 -83.716 -417.040 1.644 0.010 34.015 86.035
143.440 28.578 -88.040 -432.376 1.628 0.010 33.996 86.320
143.716 27.653 -92.496 -445.637 1.611 0.010 33.983 86.597
143.983 26.682 -97.055 -455.890 1.594 0.010 33.974 86.863
144.240 25.666 -101.677 -462.201 1.575 0.010 33.971 87.120
144.486 24.602 -106.310 -463.290 1.556 0.010 33.972 87.366
144.721 23.494 -110.888 -457.793 1.536 0.010 33.978 87.601
144.944 22.340 -115.328 -444.066 1.515 0.010 33.988 87.824
145.156 21.145 -119.531 -420.291 1.493 0.010 34.002 88.035
145.355 19.911 -123.376 -384.482 1.470 0.010 34.019 88.233
145.541 18.644 -126.721 -334.546 1.446 0.010 34.040 88.419
145.715 17.350 -129.405 -268.392 1.421 0.010 34.064 88.590
145.875 16.037 -131.246 -184.037 1.395 0.010 34.090 88.749
146.022 14.717 -132.044 -79.836 1.367 0.010 34.118 88.893
146.156 13.401 -131.591 45.294 1.339 0.010 34.147 89.024
146.277 12.104 -129.675 191.613 1.309 0.010 34.176 89.141
146.386 10.843 -126.093 358.225 1.279 0.010 34.206 89.246
146.482 9.637 -120.665 542.828 1.247 0.010 34.235 89.338
146.567 8.504 -113.250 741.427 1.215 0.010 34.263 89.418
146.642 7.467 -103.767 948.294 1.182 0.010 34.290 89.487
146.707 6.545 -92.208 1155.963 1.148 0.010 34.316 89.548
146.765 5.758 -78.652 1355.564 1.113 0.010 34.341 89.600
146.816 5.125 -63.279 1537.345 1.078 0.010 34.364 89.645
146.863 4.662 -46.364 1691.435 1.042 0.010 34.387 89.686
146.907 4.379 -28.277 1808.764 1.007 0.010 34.410 89.723
146.949 4.284 -9.457 1882.009 0.971 0.010 34.433 89.759
146.993 4.380 9.608 1906.421 0.935 0.010 34.459 89.795
147.040 4.664 28.412 1880.391 0.899 0.010 34.487 89.832
147.091 5.129 46.468 1805.649 0.864 0.010 34.520 89.871
147.149 5.763 63.339 1687.048 0.830 0.010 34.558 89.915
147.214 6.549 78.658 1531.990 0.796 0.010 34.603 89.962
147.289 7.471 92.154 1349.590 0.762 0.010 34.656 90.015
147.374 8.507 103.652 1149.723 0.730 0.010 34.718 90.072
147.470 9.638 113.073 942.120 0.698 0.010 34.791 90.135
147.579 10.842 120.429 735.608 0.668 0.010 34.875 90.204
147.700 12.100 125.805 537.574 0.638 0.010 34.972 90.277
147.834 13.394 129.342 353.707 0.610 0.010 35.080 90.356
147.981 14.706 131.221 187.906 0.583 0.010 35.202 90.438
148.141 16.022 131.645 42.432 0.557 0.010 35.337 90.524
148.314 17.331 130.826 -81.859 0.531 0.010 35.485 90.614
148.501 18.620 128.974 -185.274 0.507 0.010 35.647 90.706
148.699 19.883 126.285 -268.919 0.484 0.010 35.822 90.801
148.910 21.113 122.940 -334.445 0.462 0.010 36.010 90.897
149.134 22.304 119.102 -383.829 0.441 0.010 36.210 90.994
149.368 23.453 114.910 -419.196 0.421 0.010 36.424 91.092
149.614 24.558 110.484 -442.592 0.402 0.010 36.649 91.191
149.870 25.617 105.923 -456.045 0.383 0.010 36.885 91.289
150.136 26.630 101.311 -461.298 0.366 0.010 37.133 91.386
150.412 27.597 96.710 -460.038 0.349 0.010 37.392 91.482
150.697 28.519 92.174 -453.622 0.333 0.010 37.661 91.578
150.991 29.396 87.741 -443.274 0.318 0.010 37.939 91.672
151.293 30.231 83.441 -429.972 0.303 0.010 38.227 91.764
151.604 31.023 79.295 -414.603 0.289 0.010 38.524 91.855
151.921 31.777 75.317 -397.801 0.276 0.010 38.829 91.943
152.246 32.492 71.516 -380.114 0.263 0.010 39.142 92.030
152.578 33.171 67.896 -362.036 0.251 0.010 39.463 92.114
152.916 33.815 64.458 -343.832 0.239 0.010 39.791 92.196
153.261 34.427 61.199 -325.823 0.228 0.010 40.126 92.276
153.611 35.009 58.118 -308.155 0.218 0.010 40.467 92.353
153.966 35.561 55.208 -291.012 0.207 0.010 40.815 92.428
154.327 36.085 52.463 -274.493 0.198 0.010 41.168 92.501
154.693 36.584 49.877 -258.615 0.188 0.010 41.527 92.571
155.064 37.058 47.441 -243.510 0.179 0.010 41.892 92.639
155.439 37.510 45.151 -229.091 0.171 0.010 42.261 92.704
155.818 37.940 42.996 -215.461 0.162 0.010 42.635 92.767
156.202 38.350 40.970 -202.572 0.155 0.010 43.014 92.827
156.589 38.740 39.067 -190.361 0.147 0.010 43.397 92.886
156.980 39.113 37.278 -178.902 0.140 0.010 43.784 92.941
157.375 39.469 35.597 -168.093 0.133 0.010 44.175 92.995
157.773 39.809 34.018 -157.914 0.126 0.010 44.570 93.046
158.174 40.134 32.534 -148.400 0.119 0.010 44.968 93.095
158.579 40.446 31.140 -139.385 0.113 0.010 45.370 93.142
158.986 40.744 29.830 -130.995 0.107 0.010 45.775 93.187
159.396 41.030 28.599 -123.075 0.102 0.010 46.183 93.230
159.809 41.305 27.443 -115.649 0.096 0.010 46.594 93.271
160.225 41.568 26.356 -108.666 0.091 0.010 47.008 93.309
160.643 41.822 25.335 -102.128 0.086 0.010 47.424 93.346
161.064 42.065 24.375 -95.968 0.081 0.010 47.844 93.381
161.487 42.300 23.473 -90.171 0.076 0.010 48.265 93.414
161.912 42.526 22.626 -84.731 0.072 0.010 48.689 93.446
162.340 42.732 20.626 -200.031 0.067 0.010 49.116 93.476
162.769 42.901 16.878 -374.726 0.063 0.010 49.544 93.504
163.199 43.027 12.558 -432.023 0.059 0.010 49.973 93.530
163.630 43.109 8.221 -433.732 0.056 0.010 50.404 93.555
164.061 43.148 3.869 -435.165 0.052 0.010 50.834 93.578
164.493 43.143 -0.495 -436.394 0.048 0.010 51.265 93.599
164.924 43.094 -4.869 -437.441 0.045 0.010 51.696 93.620
165.354 43.002 -9.253 -438.327 0.042 0.010 52.125 93.638
165.782 42.865 -13.643 -439.084 0.039 0.010 52.554 93.656
166.209 42.685 -18.041 -439.747 0.036 0.010 52.980 93.672
166.634 42.460 -22.444 -440.303 0.033 0.010 53.405 93.686
167.056 42.192 -26.852 -440.801 0.031 0.010 53.826 93.700
167.475 41.879 -31.264 -441.255 0.029 0.010 54.245 93.712
167.890 41.522 -35.681 -441.633 0.026 0.010 54.660 93.724
168.301 41.121 -40.101 -442.024 0.024 0.010 55.071 93.734
168.708 40.676 -44.525 -442.361 0.022 0.010 55.478 93.744
169.110 40.187 -48.952 -442.695 0.020 0.010 55.880 93.752
169.506 39.653 -53.382 -443.029 0.018 0.010 56.276 93.760
169.897 39.075 -57.815 -443.331 0.017 0.010 56.667 93.767
170.281 38.452 -62.252 -443.659 0.015 0.010 57.051 93.773
170.659 37.785 -66.691 -443.959 0.014 0.010 57.429 93.778
171.030 37.074 -71.134 -444.257 0.012 0.010 57.800 93.783
171.393 36.318 -75.579 -444.547 0.011 0.010 58.163 93.787
171.748 35.518 -80.028 -444.818 0.010 0.010 58.518 93.791
172.095 34.673 -84.478 -445.059 0.009 0.010 58.865 93.794
172.433 33.784 -88.931 -445.278 0.008 0.010 59.203 93.797
172.761 32.850 -93.385 -445.438 0.007 0.010 59.531 93.800
173.080 31.885 -96.531 -314.572 0.006 0.010 59.850 93.802
173.389 30.907 -97.746 -121.542 0.006 0.010 60.159 93.804
173.689 29.924 -98.329 -58.250 0.005 0.010 60.458 93.805
173.978 28.935 -98.886 -55.697 0.004 0.010 60.747 93.806
174.257 27.941 -99.419 -53.292 0.004 0.010 61.027 93.808
174.527 26.941 -99.929 -50.990 0.003 0.010 61.296 93.809
174.786 25.937 -100.417 -48.795 0.003 0.010 61.556 93.809
175.035 24.928 -100.884 -46.690 0.002 0.010 61.805 93.810
175.275 23.915 -101.330 -44.654 0.002 0.010 62.044 93.810
175.504 22.898 -101.757 -42.680 0.002 0.010 62.273 93.811
175.722 21.876 -102.164 -40.755 0.001 0.010 62.492 93.811
175.931 20.850 -102.553 -38.874 0.001 0.010 62.700 93.812
176.129 19.821 -102.923 -37.017 0.001 0.010 62.899 93.812
176.317 18.788 -103.275 -35.186 0.001 0.010 63.086 93.812
176.494 17.752 -103.609 -33.372 0.001 0.010 63.264 93.812
176.662 16.713 -103.925 -31.565 0.001 0.010 63.431 93.812
176.818 15.671 -104.222 -29.762 0.000 0.010 63.588 93.812
176.965 14.626 -104.502 -27.959 0.000 0.010 63.734 93.812
177.100 13.592 -103.423 107.873 0.000 0.010 63.870 93.812
177.226 12.588 -100.358 306.470 0.000 0.010 63.996 93.812
177.343 11.622 -96.644 371.442 0.000 0.010 64.112 93.812
177.449 10.693 -92.903 374.073 0.000 0.010 64.219 93.812
177.548 9.801 -89.138 376.505 0.000 0.010 64.317 93.812
177.637 8.948 -85.351 378.749 0.000 0.010 64.406 93.812
177.718 8.132 -81.543 380.806 0.000 0.010 64.488 93.812
177.792 7.355 -77.716 382.689 0.000 0.010 64.561 93.812
177.858 6.616 -73.872 384.401 0.000 0.010 64.628 93.812
177.917 5.916 -70.012 385.951 0.000 0.010 64.687 93.812
177.970 5.255 -66.139 387.346 0.000 0.010 64.739 93.812
178.016 4.632 -62.253 388.594 0.000 0.010 64.786 93.812
178.057 4.049 -58.356 389.700 0.000 0.010 64.826 93.812
178.092 3.504 -54.449 390.675 0.000 0.010 64.861 93.812
178.122 2.999 -50.534 391.525 0.000 0.010 64.891 93.812
178.147 2.533 -46.611 392.257 0.000 0.010 64.916 93.812
178.168 2.106 -42.682 392.882 0.000 0.010 64.937 93.812
178.185 1.718 -38.748 393.407 0.000 0.010 64.955 93.812
178.199 1.370 -34.810 393.840 0.000 0.010 64.968 93.812
178.209 1.062 -30.868 394.190 0.000 0.010 64.979 93.812
178.217 0.792 -26.923 394.465 0.000 0.010 64.987 93.812
178.223 0.563 -22.977 394.676 0.000 0.010 64.993 93.812
178.227 0.372 -19.028 394.829 0.000 0.010 64.996 93.812
178.229 0.222 -15.079 394.935 0.000 0.010 64.998 93.812
178.230 0.110 -11.129 395.003 0.000 0.010 65.000 93.813
178.230 0.039 -7.179 395.040 0.000 0.010 65.000 93.813
178.231 0.006 -3.228 395.056 0.000 0.010 65.000 93.813
178.231 0.000 -0.626 260.168 0.000 0.010 65.000 93.813
